gameId,gameDateFull,gameYear,awayTeam,awayScore,homeTeam,homeScore
20210406023001,2021-04-06,2021,2,5,30,6
20210407023001,2021-04-07,2021,2,7,30,6
20210407023002,2021-04-07,2021,2,2,30,0
20210409301401,2021-04-09,2021,30,0,14,1
20210410301401,2021-04-10,2021,30,5,14,9
20210411301401,2021-04-11,2021,30,0,14,3
20210412302601,2021-04-12,2021,30,5,26,2
20210413302601,2021-04-13,2021,30,3,26,14
20210414302601,2021-04-14,2021,30,6,26,0
20210415013001,2021-04-15,2021,1,11,30,6
20210416013001,2021-04-16,2021,1,0,30,1
20210417013001,2021-04-17,2021,1,2,30,6
20210418013001,2021-04-18,2021,1,5,30,2
20210419263001,2021-04-19,2021,26,12,30,5
20210420263001,2021-04-20,2021,26,2,30,3
20210421263001,2021-04-21,2021,26,0,30,1
20210423301901,2021-04-23,2021,30,0,19,6
20210424301901,2021-04-24,2021,30,7,19,1
20210425301901,2021-04-25,2021,30,0,19,4
20210427302901,2021-04-27,2021,30,5,29,9
20210428302901,2021-04-28,2021,30,8,29,2
20210430153001,2021-04-30,2021,15,1,30,2
20210501153001,2021-05-01,2021,15,2,30,7
20210502153001,2021-05-02,2021,15,1,30,3
20210504023001,2021-05-04,2021,2,6,30,1
20210505023001,2021-05-05,2021,2,5,30,3
20210506023001,2021-05-06,2021,2,3,30,2
20210507301801,2021-05-07,2021,30,11,18,4
20210508301801,2021-05-08,2021,30,3,18,4
20210509301801,2021-05-09,2021,30,2,18,3
20210511213001,2021-05-11,2021,21,6,30,2
20210512213001,2021-05-12,2021,21,5,30,2
20210513213001,2021-05-13,2021,21,1,30,5
20210514300101,2021-05-14,2021,30,17,1,2
20210515300101,2021-05-15,2021,30,4,1,11
20210516300101,2021-05-16,2021,30,3,1,0
20210517300601,2021-05-17,2021,30,3,6,7
20210518300601,2021-05-18,2021,30,3,6,6
20210519300601,2021-05-19,2021,30,4,6,3
20210520300601,2021-05-20,2021,30,2,6,5
20210521033001,2021-05-21,2021,3,2,30,4
20210522033001,2021-05-22,2021,3,9,30,12
20210523033001,2021-05-23,2021,3,5,30,6
20210525073001,2021-05-25,2021,7,2,30,1
20210526073001,2021-05-26,2021,7,3,30,5
20210527073001,2021-05-27,2021,7,3,30,0
20210529163001,2021-05-29,2021,16,4,30,1
20210529163002,2021-05-29,2021,16,6,30,2
20210530163001,2021-05-30,2021,16,3,30,0
20210531300201,2021-05-31,2021,30,3,2,5
20210601300201,2021-06-01,2021,30,11,2,6
20210602300201,2021-06-02,2021,30,5,2,3
20210603300201,2021-06-03,2021,30,1,2,5
20210604302101,2021-06-04,2021,30,2,21,1
20210605302101,2021-06-05,2021,30,2,21,5
20210606302101,2021-06-06,2021,30,6,21,12
20210608302701,2021-06-08,2021,30,1,27,3
20210609302701,2021-06-09,2021,30,9,27,7
20210611243001,2021-06-11,2021,24,1,30,0
20210612243001,2021-06-12,2021,24,0,30,2
20210612243002,2021-06-12,2021,24,2,30,1
20210613243001,2021-06-13,2021,24,0,30,5
20210614223001,2021-06-14,2021,22,2,30,3
20210615223001,2021-06-15,2021,22,1,30,8
20210616223001,2021-06-16,2021,22,1,30,3
20210618193001,2021-06-18,2021,19,0,30,1
20210619193001,2021-06-19,2021,19,5,30,1
20210619193002,2021-06-19,2021,19,2,30,6
20210620193001,2021-06-20,2021,19,2,30,5
20210622302101,2021-06-22,2021,30,3,21,2
20210623302101,2021-06-23,2021,30,13,21,12
20210624301501,2021-06-24,2021,30,7,15,3
20210625301501,2021-06-25,2021,30,2,15,11
20210626301501,2021-06-26,2021,30,2,15,3
20210627301501,2021-06-27,2021,30,5,15,1
20210628193001,2021-06-28,2021,19,4,30,8
20210629273001,2021-06-29,2021,27,3,30,4
20210630273001,2021-06-30,2021,27,6,30,15
20210701143001,2021-07-01,2021,14,6,30,2
20210702143001,2021-07-02,2021,14,10,30,5
20210703143001,2021-07-03,2021,14,5,30,3
20210704143001,2021-07-04,2021,14,5,30,1
20210705302301,2021-07-05,2021,30,7,23,5
20210706302301,2021-07-06,2021,30,4,23,7
20210707302301,2021-07-07,2021,30,15,23,5
20210708302301,2021-07-08,2021,30,8,23,9
20210709302401,2021-07-09,2021,30,3,24,5
20210710302401,2021-07-10,2021,30,4,24,10
20210711302401,2021-07-11,2021,30,1,24,3
20210716233001,2021-07-16,2021,23,24,30,8
20210717233001,2021-07-17,2021,23,10,30,4
20210718233001,2021-07-18,2021,23,7,30,8
20210719153001,2021-07-19,2021,15,1,30,18
20210720153001,2021-07-20,2021,15,3,30,6
20210721153001,2021-07-21,2021,15,3,30,1
20210723300301,2021-07-23,2021,30,1,3,6
20210724300301,2021-07-24,2021,30,3,3,5
20210725300301,2021-07-25,2021,30,4,3,5
20210726302101,2021-07-26,2021,30,5,21,6
20210727302101,2021-07-27,2021,30,6,21,4
20210729302101,2021-07-29,2021,30,3,21,1
20210729302102,2021-07-29,2021,30,8,21,11
20210730063001,2021-07-30,2021,6,3,30,4
20210731063001,2021-07-31,2021,6,6,30,3
20210801063001,2021-08-01,2021,6,5,30,6
20210802213001,2021-08-02,2021,21,7,30,5
20210803213001,2021-08-03,2021,21,5,30,4
20210804213001,2021-08-04,2021,21,9,30,5
20210805213001,2021-08-05,2021,21,7,30,6
20210806300201,2021-08-06,2021,30,4,2,8
20210807300201,2021-08-07,2021,30,3,2,2
20210808300201,2021-08-08,2021,30,4,2,5
20210810301901,2021-08-10,2021,30,7,19,8
20210812301901,2021-08-12,2021,30,1,19,4
20210812301902,2021-08-12,2021,30,4,19,5
20210813023001,2021-08-13,2021,2,4,30,2
20210814023001,2021-08-14,2021,2,12,30,2
20210815023001,2021-08-15,2021,2,6,30,5
20210817293001,2021-08-17,2021,29,6,30,12
20210818293001,2021-08-18,2021,29,5,30,8
20210820301601,2021-08-20,2021,30,4,16,1
20210821301601,2021-08-21,2021,30,6,16,9
20210822301601,2021-08-22,2021,30,3,16,7
20210824301501,2021-08-24,2021,30,5,15,1
20210825301501,2021-08-25,2021,30,3,15,4
20210826301501,2021-08-26,2021,30,5,15,7
20210827301901,2021-08-27,2021,30,2,19,1
20210828301901,2021-08-28,2021,30,3,19,5
20210829301901,2021-08-29,2021,30,4,19,9
20210830213001,2021-08-30,2021,21,7,30,4
20210831213001,2021-08-31,2021,21,12,30,6
20210902213001,2021-09-02,2021,21,7,30,6
20210903193001,2021-09-03,2021,19,6,30,2
20210904193001,2021-09-04,2021,19,11,30,9
20210904193002,2021-09-04,2021,19,3,30,4
20210905193001,2021-09-05,2021,19,13,30,6
20210906193001,2021-09-06,2021,19,3,30,4
20210907300201,2021-09-07,2021,30,5,2,8
20210908300201,2021-09-08,2021,30,4,2,2
20210909300201,2021-09-09,2021,30,6,2,7
20210910302201,2021-09-10,2021,30,3,22,4
20210911302201,2021-09-11,2021,30,7,22,10
20210912302201,2021-09-12,2021,30,6,22,2
20210913153001,2021-09-13,2021,15,3,30,0
20210914153001,2021-09-14,2021,15,2,30,8
20210915153001,2021-09-15,2021,15,8,30,6
20210917093001,2021-09-17,2021,9,9,30,8
20210918093001,2021-09-18,2021,9,6,30,0
20210919093001,2021-09-19,2021,9,0,30,3
20210920301501,2021-09-20,2021,30,7,15,8
20210921301501,2021-09-21,2021,30,7,15,1
20210922301501,2021-09-22,2021,30,7,15,5
20210923300701,2021-09-23,2021,30,3,7,2
20210924300701,2021-09-24,2021,30,7,7,8
20210925300701,2021-09-25,2021,30,6,7,7
20210926300701,2021-09-26,2021,30,2,7,9
20210927300901,2021-09-27,2021,30,5,9,4
20210928300901,2021-09-28,2021,30,1,9,3
20210929300901,2021-09-29,2021,30,5,9,10
20211001043001,2021-10-01,2021,4,4,30,2
20211002043001,2021-10-02,2021,4,5,30,3
20211003043001,2021-10-03,2021,4,7,30,5
