gameId,playerId,position,pAtBats,pRuns,pHits,pRBI,pBB,pStrikeouts,pPlateApp,p2B,p3B,pHR,pTB,pHBP,pIBB,pSF
20210406023001,roblvic01,CF,3,2,1,0,2,1,5,0,0,0,1,0,0,0
20210406023001,turntre01,SS,4,1,1,2,0,1,5,0,0,1,4,1,0,0
20210406023001,sotojua01,RF,5,0,1,1,0,1,5,0,0,0,1,0,0,0
20210406023001,zimmrya01,1B,4,0,2,0,0,1,4,0,0,0,2,0,0,0
20210406023001,garclui01,PR-2B,0,1,0,0,0,0,0,0,0,0,0,0,0,0
20210406023001,caststa01,3B,4,0,1,0,0,2,4,0,0,0,1,0,0,0
20210406023001,pereher01,2B-1B,3,1,1,0,1,2,4,0,0,0,1,0,0,0
20210406023001,stevand01,LF,4,1,2,1,0,0,4,0,0,0,2,0,0,0
20210406023001,lucrjon01,C,4,0,1,2,0,1,4,1,0,0,2,0,0,0
20210406023001,schemax01,P,2,0,0,0,0,0,2,0,0,0,0,0,0,0
20210406023001,kiebcar01,PH,0,0,0,0,1,0,1,0,0,0,0,0,0,0
20210406023001,hernyad01,PH,1,0,0,0,0,0,1,0,0,0,0,0,0,0
20210407023001,roblvic01,CF,3,1,1,0,0,1,4,0,0,0,1,1,0,0
20210407023001,turntre01,SS,4,1,2,2,0,1,4,1,0,1,6,0,0,0
20210407023001,sotojua01,RF,1,3,0,0,3,0,4,0,0,0,0,0,0,0
20210407023001,zimmrya01,1B,4,1,2,0,0,2,4,1,0,0,3,0,0,0
20210407023001,caststa01,3B,4,0,3,3,0,0,4,1,0,0,4,0,0,0
20210407023001,pereher01,2B,2,0,0,0,0,1,2,0,0,0,0,0,0,0
20210407023001,garclui01,PH-2B,1,0,0,0,1,0,2,0,0,0,0,0,0,0
20210407023001,stevand01,LF,3,0,0,1,0,1,4,0,0,0,0,0,0,1
20210407023001,lucrjon01,C,3,0,1,0,0,0,3,0,0,0,1,0,0,0
20210407023001,fedderi01,P,1,0,0,0,0,1,1,0,0,0,0,0,0,0
20210407023001,wilscod01,PH,1,0,0,0,0,0,1,0,0,0,0,0,0,0
20210407023001,kiebcar01,PH,1,0,0,0,0,1,1,0,0,0,0,0,0,0
20210407023002,roblvic01,CF,1,0,0,0,2,0,3,0,0,0,0,0,0,0
20210407023002,turntre01,SS,3,0,0,0,0,0,3,0,0,0,0,0,0,0
20210407023002,sotojua01,RF,2,0,1,0,1,0,3,0,0,0,1,0,1,0
20210407023002,caststa01,3B,3,0,0,0,0,0,3,0,0,0,0,0,0,0
20210407023002,stevand01,LF,3,0,0,0,0,2,3,0,0,0,0,0,0,0
20210407023002,pereher01,1B,3,0,0,0,0,3,3,0,0,0,0,0,0,0
20210407023002,garclui01,2B,2,0,0,0,0,1,2,0,0,0,0,0,0,0
20210407023002,zimmrya01,PH,1,0,0,0,0,1,1,0,0,0,0,0,0,0
20210407023002,barrtre01,C,2,0,0,0,0,1,2,0,0,0,0,0,0,0
20210407023002,straste01,P,1,0,1,0,0,0,1,1,0,0,2,0,0,0
20210407023002,hernyad01,PH,1,0,0,0,0,0,1,0,0,0,0,0,0,0
