Season,Team,Basic,1B,2B,3B,HR,SO,BB,GB,FB,LD,IFFB,FIP
2020,13,101,99,97,88,104,101,99,100,100,100,98,102
2020,3,102,100,96,90,106,98,100,101,104,97,104,106
2020,4,105,102,115,108,97,99,100,102,100,101,101,99
2020,5,99,98,93,88,105,101,100,99,102,96,102,103
2020,8,100,100,104,87,102,100,100,101,95,101,93,99
2020,10,100,101,100,129,101,97,98,100,104,105,107,100
2020,12,102,103,106,113,92,97,100,102,102,103,97,98
2020,17,100,101,104,105,99,100,101,101,100,101,99,100
2020,18,99,100,93,86,107,100,100,98,100,100,102,102
2020,20,96,98,102,102,93,100,99,100,99,102,102,98
2020,25,96,98,94,84,100,104,100,97,102,95,102,98
2020,27,95,98,95,105,95,103,100,98,98,98,102,96
2020,28,99,103,98,100,96,102,108,99,103,103,98,100
2020,29,104,105,99,116,93,101,97,100,99,102,97,99
2020,1,102,101,99,133,97,100,101,101,98,102,98,98
2020,2,102,101,102,91,97,99,100,100,98,103,99,99
2020,6,101,100,100,111,96,99,101,100,99,101,95,100
2020,7,105,98,100,94,110,104,102,97,101,100,103,104
2020,9,113,108,113,137,110,97,101,106,98,103,86,105
2020,15,95,99,96,98,90,100,99,100,97,99,97,97
2020,11,98,98,93,95,100,102,98,100,97,99,102,99
2020,14,97,98,98,73,102,100,94,98,100,98,104,100
2020,16,101,97,99,94,103,102,100,98,99,97,100,100
2020,30,101,102,103,91,104,100,100,100,102,99,99,101
2020,19,93,95,92,83,98,103,99,96,102,95,107,97
2020,21,101,98,96,100,110,103,100,98,102,98,107,103
2020,22,99,101,106,97,94,98,102,102,100,100,96,100
2020,26,95,101,96,91,94,97,98,101,99,103,104,97
2020,23,96,98,99,91,96,100,102,101,98,101,99,99
2020,24,96,102,101,114,88,100,100,101,98,100,102,95
