gameId,playerId,spFlag,pInnPit,oppHits,oppRuns,oppEarnRuns,oppBB,oppStrikeouts,oppHR,pitchesThrown,strikesThrown,oppGB,oppFB,oppLD,wpa,cwpa,oppHBP,oppIBB,winFlag,lossFlag,holdFlag,saveFlag,blownSaveFlag
20210406023001,schemax01,1,6.0,5,4,4,0,9,4,91,60,2,12,2,-0.073,-0.04%,0,0,0,0,0,0,0
20210406023001,finnkyl01,0,0.2,2,1,1,1,0,0,18,12,3,1,0,-0.207,-0.13%,0,0,0,0,0,0,0
20210406023001,suerwan01,0,0.1,0,0,0,0,0,0,7,4,1,0,0,0.063, 0.04%,0,0,0,0,0,0,0
20210406023001,mcgokyl01,0,1.0,0,0,0,1,0,0,15,8,1,2,0,0.05, 0.03%,0,0,0,0,0,0,0
20210406023001,hudsdan01,0,1.0,0,0,0,1,2,0,18,10,1,0,0,0.135, 0.08%,0,0,1,0,0,0,0
20210407023001,fedderi01,1,1.2,6,6,5,3,1,0,45,27,3,7,4,-0.614,-0.41%,0,2,0,1,0,0,0
20210407023001,mcgokyl01,0,1.1,0,0,0,0,1,0,15,10,3,0,0,0.079, 0.05%,0,0,0,0,0,0,0
20210407023001,claysam01,0,1.0,1,0,0,0,2,0,15,8,1,1,1,0.054000000000000006, 0.04%,0,0,0,0,0,0,0
20210407023001,finnkyl01,0,1.0,0,0,0,0,3,0,12,9,0,0,0,0.054000000000000006, 0.04%,0,0,0,0,0,0,0
20210407023001,avillui01,0,1.0,0,0,0,0,1,0,14,10,1,1,0,0.05, 0.03%,0,0,0,0,0,0,0
20210407023001,suerwan01,0,1.0,2,1,1,0,2,0,21,14,2,1,1,-0.071,-0.05%,0,0,0,0,0,0,0
20210407023002,straste01,1,6.0,1,0,0,2,8,0,85,48,4,7,2,0.446, 0.29%,0,0,0,0,0,0,0
20210407023002,raintan01,0,1.0,2,2,2,1,0,1,28,16,0,5,1,-0.41100000000000003,-0.27%,0,0,0,1,0,0,0
20210409301401,rossjoe01,1,5.0,2,0,0,2,4,0,67,40,5,7,3,0.28, 0.16%,0,0,0,0,0,0,0
20210409301401,avillui01,0,1.0,1,1,1,0,2,1,17,10,0,2,1,-0.121,-0.07%,0,0,0,1,0,0,0
20210409301401,suerwan01,0,1.0,1,0,0,0,0,0,11,7,1,3,3,0.043, 0.03%,0,0,0,0,0,0,0
20210409301401,claysam01,0,1.0,0,0,0,0,0,0,9,6,2,1,0,0.031, 0.02%,0,0,0,0,0,0,0
20210410301401,corbpat01,1,4.1,6,6,6,3,5,1,80,48,4,9,4,-0.37200000000000005,-0.20%,0,0,0,1,0,0,0
20210410301401,vothaus01,0,0.2,0,0,0,1,1,0,7,7,0,1,0,0.01, 0.01%,0,1,0,0,0,0,0
20210410301401,claysam01,0,1.2,2,3,3,1,1,0,20,13,2,4,1,0.013000000000000001, 0.01%,0,1,0,0,0,0,0
20210410301401,finnkyl01,0,0.1,1,0,0,0,1,0,6,4,0,1,1,-0.045,-0.02%,0,0,0,0,0,0,0
20210410301401,suerwan01,0,1.0,0,0,0,2,1,0,20,7,1,1,0,0.001, 0.00%,0,0,0,0,0,0,0
20210411301401,schemax01,1,6.0,3,1,1,1,5,0,90,54,4,11,4,0.177, 0.09%,0,0,0,1,0,0,0
20210411301401,raintan01,0,1.0,2,2,2,0,1,1,18,14,0,4,1,-0.14,-0.07%,0,0,0,0,0,0,0
20210411301401,handbra01,0,1.0,0,0,0,0,1,0,11,7,1,1,0,0.006999999999999999, 0.00%,0,0,0,0,0,0,0
20210412302601,fedderi01,1,4.2,2,1,1,2,5,0,77,45,6,5,1,0.077, 0.04%,0,0,0,0,0,0,0
20210412302601,finnkyl01,0,1.1,1,1,1,0,2,1,19,15,1,2,0,0.024, 0.01%,0,0,1,0,0,0,0
20210412302601,raintan01,0,1.0,2,0,0,0,1,0,12,9,0,4,2,0.078, 0.04%,0,0,0,0,1,0,0
20210412302601,hudsdan01,0,1.0,0,0,0,0,1,0,12,7,1,1,0,0.048, 0.02%,0,0,0,0,1,0,0
20210412302601,handbra01,0,1.0,1,0,0,1,2,0,26,16,2,0,0,0.038, 0.02%,0,0,0,0,0,1,0
20210413302601,straste01,1,4.0,8,8,7,5,3,3,88,50,3,14,7,-0.374,-0.17%,0,2,0,1,0,0,0
20210413302601,avillui01,0,1.0,6,6,6,2,1,0,38,17,2,6,5,-0.027999999999999997,-0.01%,0,0,0,0,0,0,0
20210413302601,suerwan01,0,1.0,0,0,0,0,0,0,10,7,2,1,0,0.0, 0.00%,0,0,0,0,0,0,0
20210413302601,vothaus01,0,1.0,1,0,0,0,1,0,13,8,3,0,0,0.0, 0.00%,0,0,0,0,0,0,0
20210413302601,pereher01,0,1.0,0,0,0,0,2,0,9,7,0,1,0,0.0, 0.00%,0,0,0,0,0,0,0
20210414302601,rossjoe01,1,6.0,4,0,0,1,5,0,89,63,9,7,4,0.26899999999999996, 0.13%,0,0,1,0,0,0,0
20210414302601,claysam01,0,0.2,0,0,0,1,1,0,15,9,1,0,0,0.002, 0.00%,1,0,0,0,0,0,0
20210414302601,raintan01,0,0.1,0,0,0,1,0,0,10,6,0,1,0,0.016, 0.01%,0,0,0,0,0,0,0
20210414302601,suerwan01,0,1.0,0,0,0,0,1,0,12,9,0,2,1,0.006, 0.00%,0,0,0,0,0,0,0
20210414302601,vothaus01,0,1.0,0,0,0,0,1,0,11,8,0,2,1,0.003, 0.00%,0,0,0,0,0,0,0
20210415013001,corbpat01,1,2.0,6,10,9,4,1,3,63,35,4,8,2,-0.7709999999999999,-0.39%,2,0,0,1,0,0,0
20210415013001,finnkyl01,0,2.0,1,0,0,1,0,0,31,18,4,3,0,0.017, 0.01%,0,0,0,0,0,0,0
20210415013001,avillui01,0,2.0,0,0,0,1,0,0,39,17,3,4,2,0.011000000000000001, 0.01%,1,0,0,0,0,0,0
20210415013001,suerwan01,0,1.0,0,0,0,0,1,0,14,8,1,1,0,0.006, 0.00%,0,0,0,0,0,0,0
20210415013001,hudsdan01,0,1.0,1,1,1,1,1,1,17,10,1,2,1,-0.013999999999999999,-0.01%,0,0,0,0,0,0,0
20210415013001,handbra01,0,1.0,0,0,0,0,1,0,15,10,2,0,0,0.001, 0.00%,2,0,0,0,0,0,0
20210416013001,schemax01,1,7.0,2,0,0,2,10,0,106,68,2,11,2,0.43799999999999994, 0.21%,0,0,0,0,0,0,0
20210416013001,hudsdan01,0,1.0,0,0,0,0,2,0,14,10,0,1,1,0.105, 0.05%,0,0,0,0,0,0,0
20210416013001,handbra01,0,1.0,1,0,0,0,1,0,17,11,2,1,1,0.135, 0.06%,0,0,1,0,0,0,0
20210417013001,fedderi01,1,5.0,4,1,1,1,9,1,95,60,4,7,2,0.142, 0.07%,0,0,1,0,0,0,0
20210417013001,claysam01,0,1.0,1,1,1,0,1,1,19,12,1,2,0,-0.019,-0.01%,0,0,0,0,1,0,0
20210417013001,finnkyl01,0,1.0,0,0,0,1,1,0,25,14,0,2,1,0.069, 0.03%,0,0,0,0,1,0,0
20210417013001,raintan01,0,1.0,0,0,0,0,1,0,10,5,0,2,1,0.040999999999999995, 0.02%,0,0,0,0,1,0,0
20210417013001,suerwan01,0,0.0,0,0,0,1,0,0,11,7,0,0,0,-0.017,-0.01%,0,0,0,0,0,0,0
20210417013001,mcgokyl01,0,1.0,0,0,0,0,1,0,14,10,1,2,0,0.031, 0.01%,0,0,0,0,0,0,0
20210418013001,espipao01,1,4.1,5,2,2,1,3,2,75,48,5,9,2,-0.019,-0.01%,0,0,0,1,0,0,0
20210418013001,claysam01,0,0.2,0,0,0,0,1,0,8,5,1,0,0,0.027999999999999997, 0.01%,0,0,0,0,0,0,0
20210418013001,vothaus01,0,2.0,3,1,1,2,1,0,33,17,2,5,3,-0.037000000000000005,-0.02%,0,0,0,0,0,0,0
20210418013001,harpryn01,0,1.0,2,1,1,1,1,0,19,9,1,3,2,-0.05,-0.03%,0,0,0,0,0,0,0
20210418013001,mcgokyl01,0,1.0,1,1,1,3,1,0,32,19,2,1,0,-0.032,-0.02%,0,1,0,0,0,0,0
20210419263001,rossjoe01,1,4.1,8,10,10,3,5,4,85,57,7,8,3,-0.39299999999999996,-0.19%,1,1,0,1,0,0,0
20210419263001,finnkyl01,0,0.2,1,1,1,0,2,1,18,12,0,1,1,-0.005,-0.00%,0,0,0,0,0,0,0
20210419263001,harpryn01,0,2.0,0,0,0,0,1,0,25,17,3,2,0,0.004, 0.00%,0,0,0,0,0,0,0
20210419263001,mcgokyl01,0,1.0,2,1,1,0,0,0,22,12,4,1,0,-0.003,-0.00%,1,0,0,0,0,0,0
20210419263001,pereher01,0,1.0,1,0,0,0,0,0,7,4,1,3,1,0.0, 0.00%,0,0,0,0,0,0,0
20210420263001,corbpat01,1,6.0,4,0,0,0,5,0,76,52,7,9,4,0.35200000000000004, 0.16%,0,0,0,0,0,0,0
20210420263001,raintan01,0,1.0,1,2,2,1,1,0,25,15,1,2,0,-0.34299999999999997,-0.16%,0,0,0,0,0,0,1
20210420263001,hudsdan01,0,1.0,0,0,0,0,1,0,15,10,0,2,1,0.05, 0.02%,0,0,1,0,0,0,0
20210420263001,handbra01,0,1.0,1,0,0,0,0,0,15,10,0,4,1,0.16, 0.07%,0,0,0,0,0,1,0
20210421263001,schemax01,1,6.0,4,0,0,1,9,0,109,71,3,9,3,0.364, 0.18%,1,0,1,0,0,0,0
20210421263001,raintan01,0,1.0,1,0,0,0,3,0,13,10,0,1,1,0.095, 0.05%,0,0,0,0,1,0,0
20210421263001,hudsdan01,0,1.0,1,0,0,2,1,0,31,15,2,1,0,0.11900000000000001, 0.06%,0,0,0,0,1,0,0
20210421263001,handbra01,0,1.0,0,0,0,1,0,0,15,7,1,1,0,0.16, 0.08%,0,0,0,0,0,1,0
20210423301901,fedderi01,1,5.0,4,3,3,2,3,0,82,54,11,4,3,-0.09699999999999999,-0.06%,1,0,0,1,0,0,0
20210423301901,finnkyl01,0,1.0,2,0,0,0,1,0,21,16,2,2,0,0.016, 0.01%,0,0,0,0,0,0,0
20210423301901,vothaus01,0,1.0,3,1,1,1,2,0,22,15,0,4,1,-0.022000000000000002,-0.01%,0,0,0,0,0,0,0
20210423301901,mcgokyl01,0,1.0,2,2,2,0,1,1,20,14,0,4,3,-0.009000000000000001,-0.01%,0,0,0,0,0,0,0
20210424301901,rossjoe01,1,6.0,5,1,1,1,4,1,91,59,7,11,1,0.157, 0.09%,1,0,1,0,0,0,0
20210424301901,finnkyl01,0,1.0,0,0,0,0,1,0,14,8,1,1,0,0.01, 0.01%,0,0,0,0,0,0,0
20210424301901,claysam01,0,1.0,1,0,0,1,1,0,20,11,1,2,1,0.006999999999999999, 0.00%,0,0,0,0,0,0,0
20210424301901,espipao01,0,1.0,0,0,0,0,0,0,11,7,2,1,1,0.003, 0.00%,0,0,0,0,0,0,0
20210425301901,corbpat01,1,4.0,7,4,4,3,3,2,79,48,6,9,4,-0.19899999999999998,-0.12%,0,0,0,1,0,0,0
20210425301901,vothaus01,0,3.0,1,0,0,0,4,0,34,24,1,3,2,0.034, 0.02%,1,0,0,0,0,0,0
20210425301901,raintan01,0,1.0,0,0,0,1,1,0,18,11,1,1,0,0.003, 0.00%,0,0,0,0,0,0,0
20210427302901,schemax01,1,5.0,8,7,5,2,5,2,86,54,6,11,5,-0.446,-0.22%,0,0,0,1,0,0,0
20210427302901,mcgokyl01,0,1.0,0,0,0,1,0,0,14,7,1,1,0,0.011000000000000001, 0.01%,0,0,0,0,0,0,0
20210427302901,finnkyl01,0,1.0,2,2,2,0,1,1,17,11,2,2,1,-0.078,-0.04%,0,0,0,0,0,0,0
20210427302901,espipao01,0,1.0,0,0,0,0,1,0,14,7,0,2,0,0.003, 0.00%,0,0,0,0,0,0,0
20210428302901,fedderi01,1,6.0,2,1,1,3,7,1,98,59,6,7,3,0.187, 0.09%,0,1,1,0,0,0,0
20210428302901,claysam01,0,1.0,1,0,0,1,0,0,14,9,3,1,0,0.006999999999999999, 0.00%,0,0,0,0,0,0,0
20210428302901,hudsdan01,0,1.0,2,1,1,0,1,1,21,13,1,3,0,0.003, 0.00%,0,0,0,0,0,0,0
20210428302901,handbra01,0,1.0,0,0,0,0,1,0,11,8,1,1,0,0.004, 0.00%,0,0,0,0,0,0,0
20210430153001,lestjon01,1,5.0,5,0,0,2,1,0,70,46,8,10,7,0.27699999999999997, 0.17%,0,2,0,0,0,0,0
20210430153001,finnkyl01,0,0.2,1,0,0,1,1,0,24,12,2,0,0,-0.001,-0.00%,0,0,0,0,0,0,0
20210430153001,claysam01,0,0.1,0,0,0,0,0,0,2,2,1,0,0,0.076, 0.04%,0,0,0,0,0,0,0
20210430153001,raintan01,0,1.0,0,0,0,0,0,0,11,5,1,2,0,0.087, 0.05%,0,0,0,0,0,0,0
20210430153001,hudsdan01,0,1.0,0,0,0,0,1,0,13,9,0,2,0,0.105, 0.06%,0,0,0,0,0,0,0
20210430153001,handbra01,0,2.0,1,1,0,2,1,0,19,13,2,3,1,0.075, 0.04%,0,1,1,0,0,0,0
20210501153001,corbpat01,1,7.0,4,2,2,4,4,1,93,62,11,8,4,0.218, 0.14%,0,1,1,0,0,0,0
20210501153001,finnkyl01,0,1.0,0,0,0,1,1,0,16,9,2,0,0,0.011000000000000001, 0.01%,0,0,0,0,0,0,0
20210501153001,vothaus01,0,1.0,0,0,0,1,3,0,20,13,0,0,0,0.006, 0.00%,0,0,0,0,0,0,0
20210502153001,schemax01,1,9.0,5,1,1,0,9,1,106,76,13,8,3,0.408, 0.27%,1,0,1,0,0,0,0
20210504023001,rossjoe01,1,5.1,5,2,2,2,3,1,86,54,5,12,5,0.099, 0.07%,0,1,0,1,0,0,0
20210504023001,raintan01,0,0.2,2,4,4,2,0,1,23,15,0,4,1,-0.284,-0.21%,0,1,0,0,0,0,0
20210504023001,vothaus01,0,1.0,0,0,0,0,0,0,12,9,2,1,1,0.003, 0.00%,0,0,0,0,0,0,0
20210504023001,harrwil01,0,1.0,0,0,0,1,2,0,23,13,1,1,0,0.004, 0.00%,0,0,0,0,0,0,0
20210504023001,espipao01,0,1.0,0,0,0,0,0,0,6,5,1,2,1,0.001, 0.00%,0,0,0,0,0,0,0
20210505023001,fedderi01,1,5.0,5,5,5,2,3,2,76,46,9,8,4,-0.261,-0.18%,0,1,0,1,0,0,0
20210505023001,finnkyl01,0,1.0,0,0,0,0,3,0,9,9,0,0,0,0.013999999999999999, 0.01%,0,0,0,0,0,0,0
20210505023001,claysam01,0,1.0,0,0,0,0,0,0,11,8,3,0,0,0.011000000000000001, 0.01%,0,0,0,0,0,0,0
20210505023001,espipao01,0,2.0,0,0,0,0,1,0,25,17,1,4,1,0.024, 0.02%,0,0,0,0,0,0,0
20210506023001,lestjon01,1,5.0,4,3,3,2,5,0,85,57,4,9,4,-0.128,-0.08%,0,0,0,1,0,0,0
20210506023001,vothaus01,0,2.0,0,0,0,0,1,0,25,14,2,2,1,0.095, 0.06%,0,0,0,0,0,0,0
20210506023001,hudsdan01,0,1.0,0,0,0,0,0,0,11,8,2,1,0,0.027000000000000003, 0.02%,0,0,0,0,0,0,0
20210506023001,handbra01,0,1.0,0,0,0,0,1,0,9,8,1,1,0,0.037000000000000005, 0.02%,0,0,0,0,0,0,0
20210507301801,corbpat01,1,6.0,4,3,3,0,2,3,81,48,7,13,7,-0.003,-0.00%,0,0,0,0,0,0,0
20210507301801,finnkyl01,0,1.0,0,0,0,1,1,0,22,11,1,1,0,0.08900000000000001, 0.04%,0,0,1,0,0,0,0
20210507301801,raintan01,0,1.0,0,0,0,1,3,0,20,12,0,0,0,0.008, 0.00%,0,0,0,0,0,0,0
20210507301801,harrwil01,0,1.0,1,1,1,1,1,0,17,9,1,2,1,0.001, 0.00%,0,0,0,0,0,0,0
20210508301801,schemax01,1,7.1,2,1,1,1,14,1,109,69,3,7,1,0.35700000000000004, 0.18%,0,0,0,0,0,0,0
20210508301801,hudsdan01,0,0.2,0,0,0,0,1,0,7,5,1,0,0,0.15, 0.08%,0,0,0,0,1,0,0
20210508301801,handbra01,0,1.0,3,2,1,1,1,0,29,16,3,2,1,-0.56,-0.29%,0,0,0,0,0,0,1
20210508301801,finnkyl01,0,1.0,0,0,0,0,1,0,15,11,1,1,0,0.214, 0.11%,0,0,0,0,0,0,0
20210508301801,raintan01,0,0.0,1,1,0,2,0,0,14,5,1,0,0,-0.187,-0.10%,0,0,0,1,0,0,0
20210509301801,rossjoe01,1,5.0,3,2,2,5,7,1,97,53,5,6,3,0.005, 0.00%,0,0,0,0,0,0,0
20210509301801,claysam01,0,1.0,0,0,0,0,1,0,9,5,1,0,0,0.05, 0.03%,0,0,0,0,0,0,0
20210509301801,vothaus01,0,2.0,1,0,0,3,2,0,42,24,2,2,0,0.198, 0.10%,0,1,0,0,0,0,0
20210509301801,handbra01,0,0.1,1,1,1,2,0,0,17,7,2,0,0,-0.36,-0.18%,0,0,0,1,0,0,0
20210511213001,fedderi01,1,5.0,5,3,3,3,4,1,87,50,6,10,4,-0.10800000000000001,-0.06%,0,0,0,1,0,0,0
20210511213001,claysam01,0,0.1,1,0,0,1,0,0,13,8,2,1,1,-0.042,-0.02%,0,0,0,0,0,0,0
20210511213001,harrwil01,0,0.2,0,0,0,0,1,0,20,15,0,1,1,0.066, 0.03%,0,0,0,0,0,0,0
20210511213001,raintan01,0,1.0,0,0,0,2,2,0,30,17,0,1,0,0.054000000000000006, 0.03%,0,0,0,0,0,0,0
20210511213001,finnkyl01,0,0.1,3,3,3,2,0,0,23,14,2,2,1,-0.22,-0.12%,0,1,0,0,0,0,0
20210511213001,espipao01,0,1.2,0,0,0,0,1,0,17,13,2,2,0,0.016, 0.01%,0,0,0,0,0,0,0
20210512213001,lestjon01,1,6.0,6,1,1,3,4,0,97,58,7,11,4,0.188, 0.09%,0,0,0,0,0,0,0
20210512213001,claysam01,0,1.0,2,0,0,0,0,0,16,10,4,1,1,0.095, 0.05%,0,0,0,0,1,0,0
20210512213001,hudsdan01,0,1.0,0,0,0,0,1,0,14,9,1,1,0,0.11900000000000001, 0.06%,0,0,0,0,1,0,0
20210512213001,handbra01,0,1.0,2,3,2,0,3,1,24,16,0,2,1,-0.33799999999999997,-0.17%,1,0,0,1,0,0,1
20210512213001,finnkyl01,0,1.0,3,1,1,0,0,0,18,13,1,4,3,-0.275,-0.14%,0,0,0,0,0,0,0
20210513213001,corbpat01,1,7.0,5,1,1,0,9,0,102,70,11,6,4,0.193, 0.08%,0,0,1,0,0,0,0
20210513213001,raintan01,0,0.1,1,0,0,1,0,0,18,9,0,2,2,-0.026000000000000002,-0.01%,0,0,0,0,0,0,0
20210513213001,hudsdan01,0,0.2,0,0,0,0,1,0,11,7,1,0,0,0.049, 0.02%,0,0,0,0,1,0,0
20210513213001,vothaus01,0,1.0,0,0,0,0,1,0,11,9,2,0,0,0.013999999999999999, 0.01%,0,0,0,0,0,0,0
20210514300101,schemax01,1,5.0,2,0,0,1,7,0,85,55,3,7,2,0.059000000000000004, 0.03%,0,0,1,0,0,0,0
20210514300101,harrwil01,0,1.0,1,1,1,0,0,0,16,10,3,1,1,0.0, 0.00%,0,0,0,0,0,0,0
20210514300101,suerwan01,0,1.0,1,0,0,0,1,0,13,8,1,1,1,0.0, 0.00%,0,0,0,0,0,0,0
20210514300101,espipao01,0,2.0,2,1,1,0,1,0,19,13,1,6,2,0.0, 0.00%,0,0,0,0,0,0,0
20210515300101,rossjoe01,1,4.0,8,8,8,3,5,1,86,55,8,7,3,-0.39799999999999996,-0.19%,1,1,0,1,0,0,0
20210515300101,claysam01,0,1.0,1,0,0,0,1,0,12,9,2,1,1,-0.021,-0.01%,0,0,0,0,0,0,0
20210515300101,suerwan01,0,1.0,1,1,1,0,2,1,18,12,1,1,1,-0.005,-0.00%,0,0,0,0,0,0,0
20210515300101,harrwil01,0,1.0,0,0,0,0,2,0,16,10,0,1,0,0.002, 0.00%,0,0,0,0,0,0,0
20210515300101,vothaus01,0,1.0,2,2,2,0,1,1,17,11,1,3,2,-0.002,-0.00%,0,0,0,0,0,0,0
20210516300101,fedderi01,1,7.0,3,0,0,2,4,0,97,60,12,7,3,0.444, 0.20%,0,0,1,0,0,0,0
20210516300101,hudsdan01,0,1.0,1,0,0,0,2,0,14,10,0,2,1,0.052000000000000005, 0.02%,0,0,0,0,1,0,0
20210516300101,handbra01,0,1.0,0,0,0,0,2,0,14,9,0,1,0,0.040999999999999995, 0.02%,0,0,0,0,0,1,0
20210517300601,lestjon01,1,5.1,8,5,5,0,4,3,76,53,6,12,5,-0.23800000000000002,-0.12%,0,0,0,1,0,0,0
20210517300601,finnkyl01,0,0.2,0,0,0,0,1,0,11,8,1,0,0,0.017, 0.01%,0,0,0,0,0,0,0
20210517300601,claysam01,0,0.1,2,1,0,0,1,0,12,9,2,0,0,-0.055,-0.03%,0,0,0,0,0,0,0
20210517300601,raintan01,0,0.2,0,0,0,0,2,0,9,8,0,0,0,0.013000000000000001, 0.01%,0,0,0,0,0,0,0
20210517300601,espipao01,0,1.0,2,1,1,0,1,0,19,14,0,4,4,-0.012,-0.01%,0,0,0,0,0,0,0
20210518300601,corbpat01,1,5.0,8,3,3,2,4,0,87,54,12,4,4,-0.134,-0.06%,0,0,0,0,0,0,0
20210518300601,harrwil01,0,0.2,2,2,2,1,2,1,22,12,1,2,1,-0.27,-0.12%,0,0,0,1,0,0,0
20210518300601,raintan01,0,0.1,0,0,0,0,0,0,6,3,0,1,0,0.03, 0.01%,0,0,0,0,0,0,0
20210518300601,vothaus01,0,1.0,1,0,0,0,0,0,16,9,3,0,0,0.024, 0.01%,0,0,0,0,0,0,0
20210518300601,suerwan01,0,1.0,2,1,1,0,2,1,20,16,1,2,0,-0.027000000000000003,-0.01%,0,0,0,0,0,0,0
20210519300601,schemax01,1,5.0,5,2,2,4,8,0,100,66,2,9,5,0.081, 0.03%,0,0,1,0,0,0,0
20210519300601,finnkyl01,0,1.1,1,0,0,0,0,0,21,11,4,1,1,0.047, 0.02%,0,0,0,0,1,0,0
20210519300601,hudsdan01,0,1.2,0,0,0,1,2,0,24,16,0,3,0,0.20199999999999999, 0.09%,0,0,0,0,1,0,0
20210519300601,handbra01,0,1.0,2,1,1,0,3,1,25,17,0,2,1,0.094, 0.04%,0,0,0,0,0,1,0
20210520300601,rossjoe01,1,3.2,5,4,2,1,3,1,78,52,4,10,6,-0.281,-0.13%,1,0,0,1,0,0,0
20210520300601,claysam01,0,0.1,1,0,0,0,0,0,8,5,1,1,1,0.03, 0.01%,0,0,0,0,0,0,0
20210520300601,vothaus01,0,2.0,3,1,1,0,2,1,27,20,4,3,2,-0.033,-0.01%,0,0,0,0,0,0,0
20210520300601,mcgokyl01,0,1.1,1,0,0,1,1,0,22,13,1,3,0,0.013000000000000001, 0.01%,0,0,0,0,0,0,0
20210520300601,harrwil01,0,0.2,0,0,0,0,1,0,7,5,0,1,1,0.006999999999999999, 0.00%,0,0,0,0,0,0,0
20210521033001,straste01,1,5.1,1,0,0,4,4,0,72,39,8,4,1,0.273, 0.11%,0,0,1,0,0,0,0
20210521033001,finnkyl01,0,0.2,1,0,0,0,1,0,12,8,0,1,1,0.069, 0.03%,0,0,0,0,1,0,0
20210521033001,suerwan01,0,1.0,0,0,0,0,1,0,9,6,1,1,0,0.045, 0.02%,0,0,0,0,1,0,0
20210521033001,hudsdan01,0,1.0,0,0,0,0,1,0,9,6,1,1,0,0.040999999999999995, 0.02%,0,0,0,0,1,0,0
20210521033001,handbra01,0,1.0,2,2,2,0,0,1,21,12,2,3,1,0.013999999999999999, 0.01%,0,0,0,0,0,0,0
20210522033001,lestjon01,1,4.0,5,6,6,3,4,1,79,50,3,9,4,-0.335,-0.15%,0,0,0,0,0,0,0
20210522033001,vothaus01,0,2.0,2,1,1,1,3,1,41,25,3,2,1,0.039, 0.02%,0,0,0,0,0,0,0
20210522033001,finnkyl01,0,1.0,1,0,0,0,1,0,11,6,1,2,1,0.016, 0.01%,0,0,0,0,0,0,0
20210522033001,harrwil01,0,0.0,3,2,2,0,0,0,14,10,0,3,2,-0.105,-0.05%,0,0,0,0,0,0,0
20210522033001,hudsdan01,0,1.0,1,0,0,0,2,0,12,11,1,1,0,0.095, 0.04%,0,0,1,0,0,0,0
20210522033001,handbra01,0,1.0,0,0,0,0,1,0,12,9,2,0,0,0.032, 0.01%,0,0,0,0,0,1,0
20210523033001,corbpat01,1,5.2,11,4,4,2,3,0,95,62,12,10,6,-0.08900000000000001,-0.04%,0,0,1,0,0,0,0
20210523033001,suerwan01,0,1.1,1,1,1,0,1,0,17,13,1,3,0,0.001, 0.00%,0,0,0,0,1,0,0
20210523033001,hudsdan01,0,1.0,0,0,0,0,2,0,14,10,0,1,0,0.11900000000000001, 0.06%,0,0,0,0,1,0,0
20210523033001,handbra01,0,1.0,1,0,0,1,1,0,8,7,1,2,1,0.16, 0.07%,0,1,0,0,0,1,0
20210525073001,schemax01,1,7.0,5,2,2,1,9,2,107,67,4,11,3,0.08, 0.04%,1,0,0,1,0,0,0
20210525073001,suerwan01,0,1.0,0,0,0,0,2,0,12,8,1,0,0,0.027000000000000003, 0.01%,0,0,0,0,0,0,0
20210525073001,claysam01,0,1.0,1,0,0,1,1,0,24,13,2,0,0,0.017, 0.01%,0,0,0,0,0,0,0
20210526073001,rossjoe01,1,4.0,3,0,0,1,4,0,55,38,8,3,2,0.192, 0.09%,0,0,0,0,0,0,0
20210526073001,vothaus01,0,2.0,2,0,0,0,1,0,36,23,3,3,1,0.092, 0.04%,0,0,1,0,0,0,0
20210526073001,finnkyl01,0,1.0,0,0,0,1,0,0,24,14,1,2,0,0.016, 0.01%,0,0,0,0,0,0,0
20210526073001,raintan01,0,0.0,3,3,3,0,0,0,11,5,0,3,3,-0.085,-0.04%,0,0,0,0,0,0,0
20210526073001,hudsdan01,0,1.0,2,0,0,0,2,0,23,17,0,3,1,0.043, 0.02%,0,0,0,0,1,0,0
20210526073001,handbra01,0,1.0,1,0,0,0,0,0,14,8,4,0,0,0.07200000000000001, 0.03%,0,0,0,0,0,1,0
20210527073001,straste01,1,5.0,5,3,3,1,5,1,87,49,5,10,5,-0.094,-0.05%,1,0,0,1,0,0,0
20210527073001,suerwan01,0,1.0,1,0,0,0,1,0,14,9,2,1,0,0.013999999999999999, 0.01%,0,0,0,0,0,0,0
20210527073001,mcgokyl01,0,1.0,0,0,0,0,0,0,12,10,1,3,1,0.008, 0.00%,0,0,0,0,0,0,0
20210529163001,corbpat01,1,5.0,4,4,4,2,5,1,78,47,6,7,3,-0.235,-0.11%,0,0,0,1,0,0,0
20210529163001,mcgokyl01,0,2.0,0,0,0,0,2,0,23,14,1,3,2,0.022000000000000002, 0.01%,0,0,0,0,0,0,0
20210529163002,lestjon01,1,4.0,5,1,1,0,4,0,74,50,5,8,3,0.08900000000000001, 0.04%,0,0,0,0,0,0,0
20210529163002,suerwan01,0,0.1,3,1,1,0,0,0,8,5,1,2,2,-0.20199999999999999,-0.08%,0,0,0,0,0,0,1
20210529163002,hudsdan01,0,1.1,1,3,3,2,1,0,23,12,1,2,0,-0.272,-0.11%,0,0,0,1,0,0,0
20210529163002,claysam01,0,0.1,2,1,1,1,1,0,15,8,0,2,2,-0.098,-0.04%,0,0,0,0,0,0,0
20210529163002,espipao01,0,1.0,1,0,0,1,1,0,20,13,2,1,1,0.003, 0.00%,0,0,0,0,0,0,0
20210530163001,schemax01,1,6.0,2,2,2,1,10,1,89,63,4,6,1,0.033, 0.01%,0,0,0,1,0,0,0
20210530163001,finnkyl01,0,1.0,0,0,0,3,1,0,29,14,1,1,0,0.033, 0.01%,0,0,0,0,0,0,0
20210530163001,suerwan01,0,1.0,0,0,0,0,1,0,18,12,1,1,1,0.027000000000000003, 0.01%,0,0,0,0,0,0,0
20210530163001,vothaus01,0,1.0,2,1,1,0,0,1,22,13,3,2,0,-0.032,-0.01%,0,0,0,0,0,0,0
20210531300201,rossjoe01,1,5.0,3,4,4,3,7,1,87,56,4,7,1,-0.13699999999999998,-0.06%,0,0,0,1,0,0,0
20210531300201,finnkyl01,0,1.0,3,1,1,1,2,0,33,23,3,1,0,-0.07200000000000001,-0.03%,0,0,0,0,0,0,0
20210531300201,claysam01,0,1.0,0,0,0,0,0,0,12,8,2,1,1,0.027000000000000003, 0.01%,0,0,0,0,0,0,0
20210531300201,raintan01,0,1.0,0,0,0,1,2,0,19,10,0,1,0,0.016, 0.01%,0,0,0,0,0,0,0
20210601300201,straste01,1,1.1,1,1,1,2,1,0,30,14,2,2,2,-0.065,-0.02%,0,0,0,0,0,0,0
20210601300201,vothaus01,0,3.0,1,2,2,1,3,1,50,32,4,4,2,0.07200000000000001, 0.03%,0,0,1,0,0,0,0
20210601300201,claysam01,0,0.1,2,1,1,0,0,0,6,4,1,2,2,-0.026000000000000002,-0.01%,0,0,0,0,1,0,0
20210601300201,suerwan01,0,1.1,1,0,0,0,2,0,25,16,1,2,2,0.05, 0.02%,0,0,0,0,1,0,0
20210601300201,hudsdan01,0,1.0,2,1,1,0,2,0,17,11,2,2,1,0.004, 0.00%,0,0,0,0,0,0,0
20210601300201,espipao01,0,1.0,0,0,0,0,1,0,18,12,1,1,0,0.009000000000000001, 0.00%,0,0,0,0,0,0,0
20210601300201,handbra01,0,1.0,1,1,1,1,0,0,24,14,1,3,1,0.004, 0.00%,0,0,0,0,0,0,0
20210602300201,lestjon01,1,5.2,5,1,1,2,3,1,87,53,10,9,4,0.22899999999999998, 0.09%,0,0,0,0,0,0,0
20210602300201,raintan01,0,1.0,1,2,2,1,3,0,25,16,0,1,1,0.046, 0.02%,0,0,0,0,1,0,0
20210602300201,hudsdan01,0,1.1,1,0,0,0,3,0,20,14,1,1,0,-0.131,-0.05%,0,0,1,0,0,0,1
20210602300201,handbra01,0,1.0,0,0,0,0,1,0,13,6,1,1,1,0.10099999999999999, 0.04%,0,0,0,0,0,1,0
20210603300201,corbpat01,1,5.1,6,4,4,2,4,1,79,50,10,8,4,-0.08,-0.04%,0,0,0,1,0,0,0
20210603300201,mcgokyl01,0,0.2,0,0,0,0,1,0,7,5,0,1,0,0.012, 0.01%,0,0,0,0,0,0,0
20210603300201,claysam01,0,1.0,1,1,1,1,2,0,21,13,0,2,0,-0.012,-0.01%,0,0,0,0,0,0,0
20210603300201,espipao01,0,1.0,0,0,0,0,2,0,14,11,1,0,0,0.002, 0.00%,0,0,0,0,0,0,0
20210604302101,schemax01,1,7.2,5,1,1,1,9,0,108,70,8,9,2,0.445, 0.19%,1,0,1,0,0,0,0
20210604302101,hudsdan01,0,1.0,1,0,0,0,2,0,16,10,0,1,0,0.184, 0.08%,0,0,0,0,1,0,0
20210604302101,handbra01,0,0.1,0,0,0,0,0,0,4,3,0,1,0,0.046, 0.02%,0,0,0,0,0,1,0
20210605302101,rossjoe01,1,6.0,3,4,0,2,4,1,92,58,7,10,2,-0.225,-0.11%,1,0,0,1,0,0,0
20210605302101,mcgokyl01,0,1.0,0,0,0,0,1,0,13,9,0,2,1,0.012, 0.01%,0,0,0,0,0,0,0
20210605302101,claysam01,0,0.0,3,1,1,0,0,0,10,7,1,2,2,-0.047,-0.02%,0,0,0,0,0,0,0
20210605302101,finnkyl01,0,1.0,0,0,0,0,2,0,10,8,0,1,0,0.021, 0.01%,0,0,0,0,0,0,0
20210606302101,vothaus01,1,2.0,0,0,0,0,2,0,24,16,1,3,0,0.098, 0.04%,1,0,0,0,0,0,0
20210606302101,suerwan01,0,1.0,0,0,0,0,0,0,14,11,1,2,0,0.059000000000000004, 0.03%,0,0,0,0,0,0,0
20210606302101,claysam01,0,0.1,1,2,2,1,0,0,8,3,2,0,0,-0.046,-0.02%,0,0,0,0,1,0,0
20210606302101,finnkyl01,0,0.1,2,5,0,2,1,0,29,18,2,2,0,-0.654,-0.28%,0,0,0,1,0,0,1
20210606302101,espipao01,0,1.1,2,2,2,1,0,1,27,18,3,3,0,-0.034,-0.01%,0,0,0,0,0,0,0
20210606302101,raintan01,0,1.0,2,3,3,0,1,1,22,12,0,4,1,-0.07,-0.03%,1,0,0,0,0,0,0
20210606302101,mcgokyl01,0,2.0,2,0,0,0,5,0,30,25,2,1,1,0.002, 0.00%,0,0,0,0,0,0,0
20210608302701,lestjon01,1,3.2,4,1,1,4,2,1,91,52,6,7,1,0.006999999999999999, 0.00%,0,0,0,0,0,0,0
20210608302701,suerwan01,0,0.1,1,2,2,2,0,0,27,15,0,2,0,-0.18899999999999997,-0.06%,0,0,0,1,0,0,0
20210608302701,claysam01,0,0.2,1,0,0,1,2,0,18,10,0,1,1,0.008, 0.00%,0,0,0,0,0,0,0
20210608302701,harpryn01,0,1.1,0,0,0,1,1,0,16,11,1,1,0,0.071, 0.02%,0,0,0,0,0,0,0
20210608302701,raintan01,0,1.0,0,0,0,0,1,0,12,9,0,2,0,0.022000000000000002, 0.01%,1,0,0,0,0,0,0
20210608302701,espipao01,0,1.0,1,0,0,0,2,0,18,13,1,1,1,0.013000000000000001, 0.00%,0,0,0,0,0,0,0
20210609302701,corbpat01,1,5.0,3,3,3,4,3,0,93,50,5,10,5,-0.046,-0.01%,0,0,0,0,0,0,0
20210609302701,finnkyl01,0,1.1,1,1,1,0,2,1,21,13,0,3,0,-0.025,-0.01%,0,0,0,0,1,0,0
20210609302701,hudsdan01,0,1.2,2,1,1,0,3,1,31,21,0,4,2,-0.147,-0.04%,0,0,0,0,0,0,1
20210609302701,handbra01,0,2.0,2,2,1,2,3,0,44,23,2,3,2,-0.17600000000000002,-0.05%,0,1,1,0,0,0,0
20210609302701,raintan01,0,1.0,0,0,0,1,2,0,20,11,1,0,0,0.191, 0.06%,0,0,0,0,0,1,0
20210611243001,schemax01,1,0.1,0,0,0,0,0,0,6,3,0,1,0,0.022000000000000002, 0.01%,0,0,0,0,0,0,0
20210611243001,espipao01,0,3.1,3,1,1,0,5,1,56,38,2,6,0,0.028999999999999998, 0.01%,0,0,0,1,0,0,0
20210611243001,mcgokyl01,0,1.1,1,0,0,0,2,0,20,14,1,2,0,0.076, 0.02%,0,0,0,0,0,0,0
20210611243001,suerwan01,0,1.0,0,0,0,0,0,0,12,8,2,1,0,0.054000000000000006, 0.02%,0,0,0,0,0,0,0
20210611243001,harpryn01,0,2.0,0,0,0,0,2,0,24,17,2,2,1,0.105, 0.03%,0,0,0,0,0,0,0
20210611243001,claysam01,0,1.0,0,0,0,0,1,0,12,8,2,0,0,0.037000000000000005, 0.01%,0,0,0,0,0,0,0
20210612243001,fedderi01,1,5.0,4,0,0,0,7,0,82,51,7,4,2,0.33399999999999996, 0.09%,0,0,1,0,0,0,0
20210612243001,finnkyl01,0,1.0,1,0,0,0,1,0,16,11,0,3,1,0.073, 0.02%,0,0,0,0,1,0,0
20210612243001,handbra01,0,1.0,0,0,0,0,2,0,10,7,0,1,1,0.07200000000000001, 0.02%,0,0,0,0,0,1,0
20210612243002,rodrjef01,1,4.0,1,0,0,3,2,0,60,32,3,7,2,0.254, 0.07%,0,0,0,0,0,0,0
20210612243002,mcgokyl01,0,1.0,0,0,0,0,2,0,14,9,0,1,0,0.087, 0.03%,0,0,0,0,0,0,0
20210612243002,raintan01,0,1.0,0,0,0,1,0,0,23,12,1,2,0,0.105, 0.03%,1,0,0,0,0,0,0
20210612243002,handbra01,0,1.0,0,0,0,1,0,0,17,10,3,0,0,0.135, 0.04%,0,0,0,0,0,0,0
20210612243002,finnkyl01,0,0.1,2,2,1,1,0,0,26,17,2,2,2,-0.38299999999999995,-0.11%,0,0,0,1,0,0,0
20210612243002,harpryn01,0,0.2,0,0,0,0,0,0,3,3,1,1,0,0.078, 0.02%,0,0,0,0,0,0,0
20210613243001,rossjoe01,1,8.0,5,0,0,0,9,0,108,72,8,12,4,0.247, 0.06%,0,0,1,0,0,0,0
20210613243001,claysam01,0,1.0,0,0,0,0,1,0,10,7,1,1,1,0.006, 0.00%,0,0,0,0,0,0,0
20210614223001,lestjon01,1,5.1,6,2,2,1,2,1,86,54,12,8,5,0.133, 0.03%,0,0,0,0,0,0,0
20210614223001,suerwan01,0,0.2,1,0,0,0,0,0,8,8,0,3,1,-0.06,-0.01%,0,0,0,0,0,0,1
20210614223001,finnkyl01,0,1.0,0,0,0,1,2,0,18,11,0,1,0,0.087, 0.02%,0,0,1,0,0,0,0
20210614223001,raintan01,0,1.0,0,0,0,1,0,0,13,8,1,1,0,0.11900000000000001, 0.03%,0,0,0,0,1,0,0
20210614223001,handbra01,0,1.0,0,0,0,0,1,0,11,7,1,1,0,0.16, 0.04%,0,0,0,0,0,1,0
20210615223001,corbpat01,1,8.1,8,1,1,1,7,0,110,76,13,13,7,0.161, 0.05%,0,0,1,0,0,0,0
20210615223001,milljus01,0,0.2,0,0,0,0,1,0,6,5,0,1,1,0.002, 0.00%,0,0,0,0,0,0,0
20210616223001,espipao01,1,5.0,3,0,0,0,2,0,53,39,8,8,6,0.285, 0.10%,0,0,1,0,0,0,0
20210616223001,raintan01,0,1.0,0,0,0,1,0,0,22,14,0,3,0,0.079, 0.03%,0,0,0,0,1,0,0
20210616223001,claysam01,0,0.2,1,0,0,0,0,0,17,12,2,1,1,0.05, 0.02%,0,0,0,0,1,0,0
20210616223001,finnkyl01,0,0.2,3,1,1,0,1,0,9,9,1,3,3,-0.027000000000000003,-0.01%,0,0,0,0,1,0,0
20210616223001,handbra01,0,1.2,2,0,0,0,1,0,22,16,2,4,2,0.153, 0.05%,0,0,0,0,0,1,0
20210618193001,fedderi01,1,7.0,2,0,0,4,6,0,100,61,10,5,2,0.43700000000000006, 0.21%,0,1,0,0,0,0,0
20210618193001,finnkyl01,0,1.0,0,0,0,0,1,0,11,7,1,1,0,0.105, 0.05%,0,0,0,0,0,0,0
20210618193001,handbra01,0,1.0,0,0,0,0,1,0,6,5,0,2,1,0.134, 0.07%,0,0,1,0,0,0,0
20210619193001,rossjoe01,1,5.0,6,5,5,0,5,2,67,50,9,8,2,-0.243,-0.14%,1,0,0,1,0,0,0
20210619193001,vothaus01,0,1.0,1,0,0,0,1,0,12,8,1,1,0,0.006999999999999999, 0.00%,0,0,0,0,0,0,0
20210619193001,harpryn01,0,1.0,0,0,0,0,0,0,5,5,2,1,1,0.003, 0.00%,0,0,0,0,0,0,0
20210619193002,lestjon01,1,6.0,7,2,2,0,6,1,100,62,9,10,3,0.252, 0.12%,0,0,1,0,0,0,0
20210619193002,suerwan01,0,0.2,1,0,0,1,1,0,13,8,1,1,1,0.003, 0.00%,0,0,0,0,0,0,0
20210619193002,handbra01,0,0.1,0,0,0,0,0,0,1,1,1,0,0,0.011000000000000001, 0.01%,0,0,0,0,0,1,0
20210620193001,corbpat01,1,6.0,4,2,2,1,7,2,85,53,6,9,2,0.046, 0.03%,0,0,1,0,0,0,0
20210620193001,finnkyl01,0,1.0,0,0,0,0,1,0,5,4,1,0,0,0.166, 0.09%,0,0,0,0,1,0,0
20210620193001,raintan01,0,1.0,0,0,0,0,2,0,21,15,1,0,0,0.040999999999999995, 0.02%,0,0,0,0,1,0,0
20210620193001,handbra01,0,1.0,0,0,0,0,1,0,12,7,1,1,0,0.032, 0.02%,0,0,0,0,0,1,0
20210622302101,schemax01,1,5.0,2,1,1,3,8,1,106,70,3,7,2,0.182, 0.10%,0,0,1,0,0,0,0
20210622302101,vothaus01,0,2.0,0,0,0,1,2,0,23,16,3,0,0,0.154, 0.08%,0,0,0,0,1,0,0
20210622302101,raintan01,0,0.2,1,1,1,0,2,1,20,15,0,1,0,-0.033,-0.02%,0,0,0,0,1,0,0
20210622302101,handbra01,0,1.1,3,0,0,0,1,0,34,21,2,4,2,0.23, 0.13%,1,0,0,0,0,1,0
20210623302101,fedderi01,1,4.0,6,5,5,3,1,2,74,45,8,9,3,-0.264,-0.17%,0,0,0,0,0,0,0
20210623302101,mcgokyl01,0,0.2,3,4,4,1,1,1,28,15,1,3,1,-0.36200000000000004,-0.23%,1,0,0,0,0,0,0
20210623302101,suerwan01,0,0.1,0,0,0,0,0,0,2,2,1,0,0,0.006, 0.00%,0,0,0,0,0,0,0
20210623302101,claysam01,0,1.2,3,1,1,0,1,0,34,24,3,4,3,-0.057999999999999996,-0.04%,0,0,0,0,1,0,0
20210623302101,milljus01,0,0.1,0,0,0,0,0,0,5,3,1,0,0,0.094, 0.06%,0,0,0,0,1,0,0
20210623302101,vothaus01,0,0.1,1,2,2,1,1,0,16,7,0,1,1,-0.187,-0.12%,0,0,0,0,1,0,0
20210623302101,raintan01,0,0.2,2,0,0,1,1,0,16,11,3,0,0,-0.35100000000000003,-0.22%,0,0,1,0,0,0,1
20210623302101,espipao01,0,1.0,0,0,0,0,0,0,8,6,1,3,1,0.198, 0.12%,0,0,0,0,0,1,0
20210624301501,rossjoe01,1,7.0,4,0,0,2,8,0,101,68,8,7,4,0.195, 0.12%,0,0,1,0,0,0,0
20210624301501,milljus01,0,1.0,2,3,3,1,1,1,23,17,2,2,0,-0.01,-0.01%,0,0,0,0,0,0,0
20210624301501,suerwan01,0,1.0,1,0,0,0,0,0,16,12,0,4,2,0.018000000000000002, 0.01%,0,0,0,0,0,0,0
20210625301501,lestjon01,1,2.1,5,7,7,3,1,1,64,35,5,7,3,-0.439,-0.27%,0,0,0,1,0,0,0
20210625301501,milljus01,0,0.2,1,0,0,0,1,0,11,7,2,0,0,0.003, 0.00%,0,0,0,0,0,0,0
20210625301501,espipao01,0,2.0,3,2,1,1,2,0,41,26,4,4,2,-0.023,-0.01%,0,0,0,0,0,0,0
20210625301501,claysam01,0,1.0,1,0,0,0,0,0,11,6,1,3,2,0.001, 0.00%,0,0,0,0,0,0,0
20210625301501,rodrjef01,0,2.0,1,2,2,1,2,1,32,20,0,5,0,0.0, 0.00%,0,0,0,0,0,0,0
20210626301501,corbpat01,1,6.0,5,3,3,0,6,1,77,55,8,9,6,-0.062,-0.04%,0,0,0,1,0,0,0
20210626301501,vothaus01,0,1.0,1,0,0,1,1,0,16,10,2,1,1,0.043, 0.03%,0,0,0,0,0,0,0
20210626301501,raintan01,0,1.0,0,0,0,0,1,0,12,9,0,2,0,0.031, 0.02%,0,0,0,0,0,0,0
20210627301501,schemax01,1,6.0,5,1,1,2,7,0,102,70,9,7,3,0.214, 0.12%,1,0,1,0,0,0,0
20210627301501,raintan01,0,1.0,0,0,0,1,1,0,19,8,1,1,0,0.034, 0.02%,0,0,0,0,0,0,0
20210627301501,vothaus01,0,1.0,1,0,0,0,1,0,10,7,1,1,1,0.027999999999999997, 0.01%,0,0,0,0,0,0,0
20210627301501,handbra01,0,1.0,0,0,0,0,1,0,10,8,2,0,0,0.018000000000000002, 0.01%,0,0,0,0,0,0,0
20210628193001,espipao01,1,5.0,5,0,0,0,3,0,67,45,9,7,3,0.23, 0.19%,0,0,1,0,0,0,0
20210628193001,claysam01,0,1.2,1,1,1,0,1,0,34,23,3,2,1,0.039, 0.03%,1,0,0,0,0,0,0
20210628193001,suerwan01,0,0.1,2,1,1,0,1,0,15,11,0,2,2,-0.028999999999999998,-0.02%,1,0,0,0,0,0,0
20210628193001,milljus01,0,0.1,2,2,2,0,1,2,14,11,0,2,0,-0.138,-0.12%,0,0,0,0,0,0,0
20210628193001,handbra01,0,1.2,0,0,0,0,2,0,25,17,0,3,1,0.079, 0.07%,0,0,0,0,0,1,0
20210629273001,rossjoe01,1,6.1,6,2,2,2,7,1,88,57,9,9,3,0.11900000000000001, 0.07%,0,0,1,0,0,0,0
20210629273001,claysam01,0,0.2,1,0,0,0,0,0,13,8,3,0,0,0.075, 0.05%,0,0,0,0,1,0,0
20210629273001,vothaus01,0,1.0,0,0,0,0,1,0,13,8,1,1,0,0.073, 0.05%,0,0,0,0,1,0,0
20210629273001,handbra01,0,1.0,1,1,1,0,0,1,8,7,0,4,2,0.07200000000000001, 0.04%,0,0,0,0,0,1,0
20210630273001,lestjon01,1,5.0,7,5,5,2,3,2,96,54,6,13,5,-0.273,-0.18%,0,0,1,0,0,0,0
20210630273001,machand01,0,2.0,0,0,0,0,3,0,27,19,1,2,1,0.055, 0.03%,0,0,0,0,1,0,0
20210630273001,harpryn01,0,1.0,1,0,0,0,1,0,13,11,2,1,1,0.006, 0.00%,0,0,0,0,0,0,0
20210630273001,lobskyl01,0,0.1,1,1,1,1,1,0,16,9,1,0,0,0.0, 0.00%,0,0,0,0,0,0,0
20210630273001,mcgokyl01,0,0.2,1,0,0,0,0,0,13,8,2,1,1,0.0, 0.00%,0,0,0,0,0,0,0
20210701143001,corbpat01,1,4.2,8,6,5,1,2,2,97,62,9,12,4,-0.45,-0.33%,0,0,0,1,0,0,0
20210701143001,machand01,0,0.1,1,0,0,0,0,0,6,5,0,2,1,0.008, 0.01%,0,0,0,0,0,0,0
20210702143001,schemax01,1,6.0,4,1,1,1,8,1,100,67,3,10,1,0.235, 0.16%,0,0,0,0,0,0,0
20210702143001,claysam01,0,0.1,2,3,3,0,0,0,20,12,1,2,2,-0.19899999999999998,-0.14%,1,0,0,1,1,0,0
20210702143001,vothaus01,0,0.0,3,4,4,1,0,0,14,7,1,2,2,-0.55,-0.38%,0,0,0,0,0,0,1
20210702143001,lobskyl01,0,0.2,2,2,2,0,0,1,13,8,1,3,1,-0.065,-0.04%,0,0,0,0,0,0,0
20210702143001,rodrjef01,0,2.0,0,0,0,2,2,0,31,14,0,4,0,0.001, 0.00%,0,0,0,0,0,0,0
20210703143001,espipao01,1,4.1,3,3,3,3,2,0,70,41,5,9,4,-0.111,-0.07%,0,1,0,0,0,0,0
20210703143001,harpryn01,0,0.2,0,0,0,0,0,0,8,6,2,0,0,0.036000000000000004, 0.02%,0,0,0,0,0,0,0
20210703143001,suerwan01,0,1.1,1,1,0,0,2,0,26,19,3,1,0,-0.087,-0.05%,1,0,0,1,0,0,0
20210703143001,claysam01,0,0.2,0,0,0,0,0,0,8,4,2,0,0,0.03, 0.02%,0,0,0,0,0,0,0
20210703143001,vothaus01,0,1.0,0,0,0,0,1,0,13,8,0,2,0,0.05, 0.03%,0,0,0,0,0,0,0
20210703143001,mcgokyl01,0,0.2,1,1,1,1,2,0,23,15,0,1,1,-0.083,-0.05%,0,0,0,0,0,0,0
20210703143001,lobskyl01,0,0.1,0,0,0,0,0,0,5,3,1,0,0,0.012, 0.01%,0,0,0,0,0,0,0
20210704143001,rossjoe01,1,6.2,7,3,3,0,11,1,101,70,5,11,4,0.054000000000000006, 0.03%,1,0,0,1,0,0,0
20210704143001,handbra01,0,1.1,1,0,0,0,2,0,21,14,0,3,1,-0.092,-0.05%,0,0,0,0,0,0,0
20210704143001,suerwan01,0,0.1,3,2,2,0,0,0,13,7,1,3,1,-0.064,-0.04%,1,0,0,0,0,0,0
20210704143001,machand01,0,0.2,0,0,0,0,2,0,15,7,0,0,0,0.009000000000000001, 0.01%,1,0,0,0,0,0,0
20210705302301,lestjon01,1,3.1,6,5,2,4,2,1,83,48,10,4,0,-0.231,-0.12%,1,1,0,0,0,0,0
20210705302301,mcgokyl01,0,1.2,1,0,0,2,2,0,33,18,0,4,2,0.01, 0.01%,0,0,0,0,0,0,0
20210705302301,suerwan01,0,1.0,0,0,0,0,2,0,17,11,0,1,0,0.07400000000000001, 0.04%,0,0,1,0,0,0,0
20210705302301,claysam01,0,1.0,0,0,0,0,0,0,6,4,2,1,1,0.106, 0.05%,0,0,0,0,1,0,0
20210705302301,vothaus01,0,1.0,0,0,0,0,1,0,6,6,1,1,0,0.084, 0.04%,0,0,0,0,1,0,0
20210705302301,handbra01,0,1.0,0,0,0,0,1,0,13,9,2,0,0,0.086, 0.04%,0,0,0,0,0,1,0
20210706302301,fedderi01,1,4.1,8,6,6,1,2,1,93,56,8,11,5,-0.358,-0.21%,0,0,0,1,0,0,0
20210706302301,claysam01,0,0.2,2,0,0,0,1,0,11,6,2,1,0,-0.095,-0.06%,0,0,0,0,0,0,0
20210706302301,finnkyl01,0,1.0,1,0,0,0,0,0,14,11,1,2,0,0.027000000000000003, 0.02%,0,0,0,0,0,0,0
20210706302301,machand01,0,1.0,2,1,1,0,1,0,25,17,0,4,3,-0.040999999999999995,-0.03%,0,0,0,0,0,0,0
20210706302301,rodrjef01,0,1.0,1,0,0,0,1,0,17,10,3,0,0,0.006, 0.00%,0,0,0,0,0,0,0
20210707302301,corbpat01,1,6.0,7,2,2,2,3,1,106,66,10,12,5,0.065, 0.03%,1,0,1,0,0,0,0
20210707302301,mcgokyl01,0,2.2,2,3,3,2,5,1,48,27,2,3,1,0.003, 0.00%,0,0,0,0,0,0,0
20210707302301,rodrjef01,0,0.1,2,0,0,1,1,0,14,7,1,1,1,0.0, 0.00%,0,0,0,0,0,0,0
20210708302301,schemax01,1,3.2,5,7,7,1,7,2,91,58,3,6,2,-0.151,-0.09%,2,0,0,0,0,0,0
20210708302301,finnkyl01,0,1.1,1,0,0,0,0,0,22,15,3,2,1,-0.005,-0.00%,0,0,0,0,0,0,0
20210708302301,suerwan01,0,0.2,1,1,1,0,0,0,12,7,1,2,1,0.018000000000000002, 0.01%,0,0,0,0,1,0,0
20210708302301,vothaus01,0,1.1,1,0,0,0,1,0,22,14,1,3,2,-0.052000000000000005,-0.03%,0,0,0,0,0,0,1
20210708302301,hudsdan01,0,1.0,1,0,0,0,1,0,13,8,0,3,1,0.10300000000000001, 0.06%,0,0,0,0,0,0,0
20210708302301,claysam01,0,0.2,2,1,1,1,0,0,13,7,3,1,1,-0.369,-0.22%,0,1,0,1,0,0,0
20210709302401,espipao01,1,3.2,6,3,3,1,1,1,73,51,3,13,5,-0.16399999999999998,-0.08%,0,0,0,0,0,0,0
20210709302401,claysam01,0,1.1,1,1,1,0,1,1,21,13,2,2,1,-0.044000000000000004,-0.02%,1,0,0,1,0,0,0
20210709302401,mcgokyl01,0,1.0,1,0,0,0,1,0,10,9,0,3,0,0.047, 0.02%,0,0,0,0,0,0,0
20210709302401,suerwan01,0,1.0,2,1,1,0,1,1,10,7,1,2,1,-0.075,-0.04%,0,0,0,0,0,0,0
20210709302401,harpryn01,0,1.0,0,0,0,0,1,0,9,6,1,1,0,0.013999999999999999, 0.01%,0,0,0,0,0,0,0
20210710302401,lestjon01,1,2.2,9,8,3,2,1,0,80,46,8,10,5,-0.35100000000000003,-0.15%,0,0,0,1,0,0,0
20210710302401,harpryn01,0,2.1,2,0,0,1,3,0,39,26,2,4,3,0.006, 0.00%,0,0,0,0,0,0,0
20210710302401,mcgokyl01,0,0.2,1,1,1,0,0,1,14,8,1,2,1,-0.002,-0.00%,0,0,0,0,0,0,0
20210710302401,rodrjef01,0,2.1,2,1,1,3,6,0,52,28,0,3,2,0.001, 0.00%,0,0,0,0,0,0,0
20210711302401,fedderi01,1,5.0,8,3,3,3,7,1,95,56,5,10,6,-0.13,-0.05%,0,1,0,1,0,0,0
20210711302401,vothaus01,0,1.0,0,0,0,1,0,0,17,11,1,2,0,0.017, 0.01%,0,0,0,0,0,0,0
20210711302401,hudsdan01,0,1.0,0,0,0,0,1,0,10,8,1,1,0,0.024, 0.01%,0,0,0,0,0,0,0
20210711302401,finnkyl01,0,1.0,0,0,0,0,3,0,13,10,0,0,0,0.013999999999999999, 0.01%,0,0,0,0,0,0,0
20210716233001,fedderi01,1,1.1,3,6,6,4,1,0,57,29,5,1,1,-0.345,-0.12%,0,0,0,1,0,0,0
20210716233001,machand01,0,0.1,2,3,3,1,0,0,25,15,1,2,2,-0.195,-0.07%,0,0,0,0,0,0,0
20210716233001,espipao01,0,2.1,4,3,3,1,2,1,51,31,1,8,4,-0.16699999999999998,-0.06%,0,0,0,0,0,0,0
20210716233001,claysam01,0,1.0,1,1,1,0,1,1,18,13,2,1,0,-0.004,-0.00%,0,0,0,0,0,0,0
20210716233001,suerwan01,0,0.1,3,6,3,2,0,2,28,12,1,4,1,-0.003,-0.00%,0,0,0,0,0,0,0
20210716233001,harpryn01,0,1.2,3,0,0,0,3,0,46,30,4,2,1,0.0, 0.00%,0,0,0,0,0,0,0
20210716233001,rodrjef01,0,2.0,6,5,5,1,0,1,33,26,5,7,3,0.0, 0.00%,0,0,0,0,0,0,0
20210717233001,corbpat01,1,5.1,10,6,6,4,3,0,89,54,10,9,5,-0.244,-0.08%,0,0,0,1,0,0,0
20210717233001,finnkyl01,0,0.2,4,2,2,0,1,0,23,12,2,2,2,-0.242,-0.08%,0,0,0,0,0,0,0
20210717233001,claysam01,0,0.2,2,2,1,1,1,0,22,11,2,1,0,-0.039,-0.01%,0,0,0,0,0,0,0
20210717233001,machand01,0,1.1,1,0,0,0,2,0,23,13,1,2,1,0.004, 0.00%,0,0,0,0,0,0,0
20210717233001,harpryn01,0,1.0,1,0,0,0,0,0,13,9,2,1,1,0.001, 0.00%,0,0,0,0,0,0,0
20210718233001,schemax01,1,7.0,4,4,4,3,8,2,102,66,7,10,1,-0.005,-0.00%,0,0,0,0,0,0,0
20210718233001,hudsdan01,0,1.0,1,2,1,0,3,1,22,12,1,1,0,-0.342,-0.10%,0,0,0,0,0,0,0
20210718233001,handbra01,0,1.0,1,1,1,3,3,0,31,16,0,1,1,-0.205,-0.06%,0,1,1,0,0,0,1
20210719153001,lestjon01,1,7.0,6,0,0,0,7,0,81,59,8,11,7,0.08900000000000001, 0.03%,0,0,1,0,0,0,0
20210719153001,suerwan01,0,1.0,1,1,1,0,2,1,16,11,1,1,0,0.0, 0.00%,0,0,0,0,0,0,0
20210719153001,rodrjef01,0,1.0,2,0,0,0,1,0,15,12,3,0,0,0.0, 0.00%,0,0,0,0,0,0,0
20210720153001,espipao01,1,5.0,4,0,0,0,3,0,73,49,8,8,2,0.284, 0.10%,0,0,0,0,0,0,0
20210720153001,vothaus01,0,1.0,2,3,3,1,1,1,21,14,1,3,2,-0.4,-0.14%,0,0,1,0,0,0,1
20210720153001,finnkyl01,0,1.0,0,0,0,0,0,0,7,6,1,2,1,0.069, 0.02%,0,0,0,0,1,0,0
20210720153001,hudsdan01,0,1.0,0,0,0,0,2,0,8,7,0,1,0,0.07200000000000001, 0.03%,0,0,0,0,1,0,0
20210720153001,handbra01,0,1.0,0,0,0,0,1,0,14,9,1,1,0,0.032, 0.01%,0,0,0,0,0,1,0
20210721153001,fedderi01,1,6.0,4,1,0,1,4,0,84,52,11,7,4,0.213, 0.09%,0,0,0,0,0,0,0
20210721153001,finnkyl01,0,1.0,0,0,0,0,0,0,15,12,2,1,0,0.087, 0.04%,0,0,0,0,0,0,0
20210721153001,hudsdan01,0,1.0,1,0,0,0,1,0,22,15,1,2,1,0.105, 0.04%,0,0,0,0,0,0,0
20210721153001,handbra01,0,2.0,1,2,1,1,0,0,35,22,2,5,1,-0.172,-0.07%,0,0,0,1,0,0,0
20210723300301,corbpat01,1,5.1,5,5,4,1,4,1,91,60,8,10,6,-0.17300000000000001,-0.06%,0,0,0,1,0,0,0
20210723300301,suerwan01,0,1.2,1,1,1,0,0,1,20,12,1,5,1,-0.040999999999999995,-0.01%,0,0,0,0,0,0,0
20210723300301,harpryn01,0,1.0,0,0,0,0,0,0,10,9,2,1,1,0.002, 0.00%,0,0,0,0,0,0,0
20210724300301,lestjon01,1,5.0,3,3,3,1,2,2,70,41,5,11,5,-0.02,-0.01%,0,0,0,1,0,0,0
20210724300301,vothaus01,0,1.0,3,2,2,1,2,0,27,17,0,4,3,-0.08800000000000001,-0.03%,0,0,0,0,0,0,0
20210724300301,claysam01,0,1.0,1,0,0,0,0,0,11,6,2,1,0,0.008, 0.00%,0,0,0,0,0,0,0
20210724300301,hudsdan01,0,1.0,1,0,0,0,2,0,17,10,0,2,1,0.016, 0.01%,0,0,0,0,0,0,0
20210725300301,espipao01,1,5.0,5,3,3,1,6,3,79,51,3,9,3,-0.081,-0.02%,0,0,0,0,0,0,0
20210725300301,finnkyl01,0,1.2,1,0,0,1,2,0,27,19,3,1,1,0.149, 0.04%,0,0,0,0,1,0,0
20210725300301,hudsdan01,0,1.1,2,0,0,0,2,0,25,16,2,1,1,0.201, 0.05%,0,0,0,0,1,0,0
20210725300301,handbra01,0,0.1,1,2,2,1,0,0,16,10,1,2,1,-0.785,-0.21%,1,0,0,1,0,0,1
20210726302101,rossjoe01,1,5.0,3,0,0,2,4,0,72,44,7,6,1,0.23199999999999998, 0.06%,1,1,0,0,0,0,0
20210726302101,vothaus01,0,0.2,4,3,3,0,0,1,29,17,3,3,1,-0.278,-0.07%,0,0,0,0,0,0,0
20210726302101,claysam01,0,0.1,0,0,0,0,1,0,5,5,0,0,0,0.067, 0.02%,0,0,0,0,1,0,0
20210726302101,finnkyl01,0,1.0,0,0,0,1,2,0,16,11,0,1,0,0.10800000000000001, 0.03%,0,0,0,0,1,0,0
20210726302101,hudsdan01,0,1.0,2,0,0,0,1,0,17,13,0,4,2,0.142, 0.04%,0,0,0,0,1,0,0
20210726302101,handbra01,0,0.1,2,3,3,1,1,1,13,7,1,1,0,-0.909,-0.24%,0,0,0,1,0,0,1
20210727302101,fedderi01,1,4.2,8,4,4,1,4,2,86,53,11,7,4,-0.11699999999999999,-0.03%,0,0,0,0,0,0,0
20210727302101,claysam01,0,0.2,1,0,0,0,0,0,7,5,1,2,2,0.026000000000000002, 0.01%,0,0,0,0,0,0,0
20210727302101,suerwan01,0,1.2,0,0,0,0,2,0,20,15,1,2,0,0.161, 0.03%,0,0,1,0,0,0,0
20210727302101,finnkyl01,0,1.0,0,0,0,2,0,0,25,16,1,2,0,0.09, 0.02%,0,0,0,0,1,0,0
20210727302101,handbra01,0,1.0,0,0,0,0,1,0,11,8,1,2,1,0.092, 0.02%,0,0,0,0,0,1,0
20210729302101,schemax01,1,6.0,3,1,1,3,5,1,88,56,6,8,3,0.28600000000000003, 0.08%,1,0,1,0,0,0,0
20210729302101,finnkyl01,0,1.0,0,0,0,0,2,0,12,8,0,1,1,0.092, 0.03%,0,0,0,0,0,1,0
20210729302102,corbpat01,1,5.0,8,4,4,1,2,3,86,58,6,15,6,0.032, 0.01%,0,0,0,0,0,0,0
20210729302102,suerwan01,0,1.2,1,2,2,1,2,0,31,19,3,1,1,0.051, 0.02%,0,0,0,0,1,0,0
20210729302102,raintan01,0,0.1,2,1,1,1,0,0,15,7,1,2,1,-0.45799999999999996,-0.15%,0,0,0,0,0,0,1
20210729302102,claysam01,0,0.1,1,4,3,2,0,1,14,8,1,1,0,-0.5539999999999999,-0.18%,0,1,0,1,0,0,1
20210730063001,espipao01,1,5.1,4,1,1,1,6,0,76,51,4,10,5,0.163, 0.04%,0,0,1,0,0,0,0
20210730063001,machand01,0,0.2,0,0,0,0,0,0,15,10,1,1,0,0.069, 0.01%,0,0,0,0,1,0,0
20210730063001,harpryn01,0,1.1,1,1,1,0,2,0,17,12,1,2,0,0.042, 0.01%,0,0,0,0,1,0,0
20210730063001,klobgab01,0,0.2,2,1,1,0,0,0,9,7,1,3,1,-0.059000000000000004,-0.01%,0,0,0,0,1,0,0
20210730063001,finnkyl01,0,1.0,1,0,0,0,0,0,10,8,1,2,2,0.16, 0.03%,0,0,0,0,0,1,0
20210731063001,rossjoe01,1,4.1,7,5,4,1,5,1,84,54,8,9,4,-0.344,-0.11%,0,0,0,1,0,0,0
20210731063001,claysam01,0,0.2,0,0,0,0,0,0,6,3,2,0,0,0.047, 0.01%,0,0,0,0,0,0,0
20210731063001,rodrjef01,0,3.0,2,1,1,3,3,0,45,24,1,6,4,-0.002,-0.00%,0,0,0,0,0,0,0
20210731063001,machand01,0,1.0,0,0,0,0,0,0,18,11,1,2,1,0.008, 0.00%,0,0,0,0,0,0,0
20210801063001,fedderi01,1,6.0,4,3,3,1,8,2,108,62,5,8,4,0.013000000000000001, 0.00%,0,0,0,0,0,0,0
20210801063001,klobgab01,0,1.0,0,0,0,0,0,0,7,6,0,3,1,0.095, 0.02%,0,0,0,0,1,0,0
20210801063001,suerwan01,0,1.0,1,2,2,1,2,1,22,12,0,2,0,-0.263,-0.06%,0,0,0,0,0,0,1
20210801063001,finnkyl01,0,1.0,0,0,0,0,0,0,15,7,1,1,0,0.136, 0.03%,0,0,1,0,0,0,0
20210802213001,grayjos01,1,5.0,4,1,1,2,2,1,71,47,5,12,2,0.122, 0.04%,0,0,0,0,0,0,0
20210802213001,thommas01,0,1.0,2,0,0,1,1,0,21,11,3,1,1,0.054000000000000006, 0.02%,0,0,0,0,0,0,0
20210802213001,claysam01,0,0.1,1,1,1,1,0,0,18,9,1,1,1,-0.15,-0.06%,0,0,0,0,0,0,0
20210802213001,machand01,0,0.2,0,0,0,1,0,0,6,3,0,1,0,0.006, 0.00%,0,1,0,0,0,0,0
20210802213001,klobgab01,0,1.0,2,2,2,0,0,0,13,9,3,2,1,-0.16,-0.06%,0,0,0,1,1,0,0
20210802213001,suerwan01,0,1.0,3,3,3,1,1,0,22,14,1,3,3,-0.5429999999999999,-0.20%,0,1,0,0,0,0,1
20210803213001,corbpat01,1,7.0,6,4,4,1,8,3,93,66,8,11,2,-0.043,-0.01%,0,0,0,1,0,0,0
20210803213001,guerjav01,0,1.0,1,1,1,0,0,1,15,11,1,3,1,-0.05,-0.02%,0,0,0,0,0,0,0
20210803213001,harpryn01,0,1.0,0,0,0,0,0,0,8,6,2,1,0,0.037000000000000005, 0.01%,0,0,0,0,0,0,0
20210804213001,espipao01,1,5.0,8,6,6,1,3,1,90,55,11,9,3,-0.39399999999999996,-0.10%,1,0,0,1,0,0,0
20210804213001,rodrjef01,0,2.0,2,2,2,0,0,1,33,19,4,4,2,-0.042,-0.01%,1,0,0,0,0,0,0
20210804213001,guerjav01,0,1.0,2,1,0,0,1,0,21,16,3,2,1,-0.013999999999999999,-0.00%,0,0,0,0,0,0,0
20210804213001,machand01,0,1.0,0,0,0,0,1,0,15,10,3,0,0,0.001, 0.00%,0,0,0,0,0,0,0
20210805213001,rossjoe01,1,6.1,5,3,3,2,7,1,84,55,5,11,5,-0.01,-0.00%,1,0,0,0,0,0,0
20210805213001,harpryn01,0,1.0,0,0,0,2,0,0,27,14,0,3,1,0.11199999999999999, 0.02%,0,0,0,0,1,0,0
20210805213001,thommas01,0,0.2,1,0,0,0,1,0,9,6,0,2,1,0.037000000000000005, 0.01%,0,0,0,0,1,0,0
20210805213001,finnkyl01,0,1.0,3,4,0,1,1,0,26,17,2,4,3,-0.8390000000000001,-0.16%,0,1,0,1,0,0,1
20210806300201,fedderi01,1,4.2,8,5,4,1,3,0,93,57,13,6,6,-0.381,-0.04%,0,0,0,1,0,0,0
20210806300201,claysam01,0,0.1,0,0,0,1,0,0,10,4,1,0,0,0.04, 0.01%,0,0,0,0,0,0,0
20210806300201,klobgab01,0,1.0,1,0,0,1,1,0,15,11,1,2,1,0.033, 0.00%,0,1,0,0,0,0,0
20210806300201,machand01,0,1.0,0,0,0,0,0,0,13,9,0,3,0,0.027000000000000003, 0.00%,0,0,0,0,0,0,0
20210806300201,guerjav01,0,1.0,2,3,3,2,1,0,33,16,2,2,1,-0.057,-0.01%,0,0,0,0,0,0,0
20210807300201,grayjos01,1,5.0,4,2,1,2,10,1,82,51,2,8,3,0.013999999999999999, 0.00%,0,1,0,0,0,0,0
20210807300201,thommas01,0,1.0,1,0,0,0,2,0,13,9,1,1,1,0.033, 0.00%,0,0,0,0,0,0,0
20210807300201,harpryn01,0,1.0,0,0,0,1,1,0,22,12,2,0,0,0.027000000000000003, 0.00%,0,0,0,0,0,0,0
20210807300201,machand01,0,1.0,0,0,0,0,2,0,10,8,0,1,0,0.016, 0.00%,0,0,1,0,0,0,0
20210807300201,finnkyl01,0,1.0,0,0,0,0,0,0,12,8,1,2,0,0.21600000000000003, 0.02%,0,0,0,0,0,1,0
20210808300201,corbpat01,1,6.0,5,5,5,1,5,2,68,45,8,10,5,-0.172,-0.02%,0,0,0,1,0,0,0
20210808300201,klobgab01,0,2.0,1,0,0,0,1,0,20,14,2,4,1,0.043, 0.01%,0,0,0,0,0,0,0
20210810301901,espipao01,1,1.0,2,1,1,0,0,0,14,8,1,3,1,-0.038,-0.00%,0,0,0,0,0,0,0
20210810301901,rossjoe01,0,5.0,6,4,4,1,2,0,82,57,10,10,6,-0.129,-0.01%,0,0,0,0,0,0,0
20210810301901,klobgab01,0,1.0,2,1,1,0,0,0,22,13,1,4,1,-0.038,-0.00%,0,0,0,0,1,0,0
20210810301901,thommas01,0,1.0,3,2,1,0,0,0,21,13,3,4,3,-0.5429999999999999,-0.05%,0,0,0,1,0,0,1
20210812301901,nolisea01,1,3.0,8,4,4,0,2,1,51,37,2,12,8,-0.222,-0.01%,0,0,0,1,0,0,0
20210812301901,machand01,0,1.0,2,0,0,0,3,0,24,16,2,0,0,-0.018000000000000002,-0.00%,1,0,0,0,0,0,0
20210812301901,guerjav01,0,1.0,2,0,0,0,0,0,9,7,1,3,2,0.006, 0.00%,0,0,0,0,0,0,0
20210812301901,rodrjef01,0,1.0,0,0,0,0,1,0,12,9,0,2,0,0.006, 0.00%,0,0,0,0,0,0,0
20210812301902,fedderi01,1,4.0,6,2,2,1,4,0,68,41,5,9,7,-0.07,-0.00%,0,0,0,0,0,0,0
20210812301902,klobgab01,0,1.0,0,0,0,0,1,0,7,7,0,2,0,0.042, 0.00%,0,0,0,0,0,0,0
20210812301902,raintan01,0,1.0,3,2,2,0,0,1,28,20,2,4,1,-0.098,-0.00%,0,0,0,0,0,0,0
20210812301902,finnkyl01,0,0.1,1,1,1,0,0,1,11,6,1,1,0,-0.366,-0.01%,0,0,0,1,0,0,0
20210813023001,grayjos01,1,6.0,5,3,3,0,6,3,87,59,6,11,2,-0.171,-0.01%,0,0,0,1,0,0,0
20210813023001,thommas01,0,1.0,0,0,0,1,1,0,14,6,1,1,0,0.091, 0.00%,0,0,0,0,0,0,0
20210813023001,machand01,0,2.0,2,1,1,0,0,1,21,13,3,4,1,-0.021,-0.00%,0,0,0,0,0,0,0
20210814023001,corbpat01,1,4.2,7,6,6,2,5,1,97,57,9,7,2,-0.336,-0.01%,0,0,0,1,0,0,0
20210814023001,guerjav01,0,1.2,3,3,3,1,2,1,36,24,2,4,2,-0.035,-0.00%,1,0,0,0,0,0,0
20210814023001,harpryn01,0,0.2,0,0,0,0,1,0,10,8,0,1,0,0.002, 0.00%,0,0,0,0,0,0,0
20210814023001,rodrjef01,0,2.0,4,3,3,1,0,2,38,25,3,6,2,-0.002, 0.00%,0,0,0,0,0,0,0
20210815023001,espipao01,1,4.0,8,5,5,2,3,3,77,50,9,8,4,-0.369,-0.00%,0,0,0,1,0,0,0
20210815023001,klobgab01,0,1.0,2,1,1,1,1,0,33,20,2,2,1,-0.059000000000000004, 0.00%,0,0,0,0,0,0,0
20210815023001,machand01,0,1.0,0,0,0,0,1,0,10,6,2,0,0,0.054000000000000006, 0.00%,0,0,0,0,0,0,0
20210815023001,thommas01,0,1.0,0,0,0,0,0,0,15,8,2,2,0,0.054000000000000006, 0.00%,0,0,0,0,0,0,0
20210815023001,harpryn01,0,1.0,0,0,0,0,1,0,10,8,1,1,1,0.051, 0.00%,0,0,0,0,0,0,0
20210815023001,finnkyl01,0,1.0,0,0,0,0,0,0,12,9,1,2,0,0.037000000000000005, 0.00%,0,0,0,0,0,0,0
20210817293001,fedderi01,1,5.0,5,3,3,3,4,1,94,54,7,9,4,0.036000000000000004, 0.00%,0,0,1,0,0,0,0
20210817293001,machand01,0,2.0,2,0,0,0,1,0,23,15,4,2,1,0.036000000000000004, 0.00%,0,0,0,0,0,0,0
20210817293001,thommas01,0,0.0,1,3,2,2,0,0,13,3,0,1,1,-0.086, 0.00%,0,0,0,0,0,0,0
20210817293001,finnkyl01,0,1.0,1,0,0,0,0,0,15,12,4,1,0,0.043, 0.00%,0,0,0,0,1,0,0
20210817293001,klobgab01,0,1.0,1,0,0,0,0,0,18,12,3,0,0,0.002, 0.00%,0,0,0,0,0,0,0
20210818293001,grayjos01,1,6.0,5,2,2,1,4,2,87,55,5,13,5,0.179, 0.00%,1,0,0,0,0,0,0
20210818293001,harpryn01,0,0.1,2,3,3,1,0,2,13,8,0,3,1,-0.495,-0.00%,0,0,0,0,0,0,1
20210818293001,thommas01,0,0.2,0,0,0,0,1,0,9,7,1,0,0,0.03, 0.00%,0,0,1,0,0,0,0
20210818293001,machand01,0,0.2,0,0,0,2,2,0,18,8,0,0,0,0.002, 0.00%,0,0,0,0,1,0,0
20210818293001,finnkyl01,0,1.1,1,0,0,0,1,0,19,12,2,2,0,0.07200000000000001, 0.00%,0,0,0,0,0,1,0
20210820301601,corbpat01,1,6.1,3,1,1,0,7,1,92,61,7,8,4,0.29100000000000004, 0.00%,0,0,1,0,0,0,0
20210820301601,thommas01,0,0.2,0,0,0,1,0,0,14,5,1,1,0,-0.035, 0.00%,0,0,0,0,1,0,0
20210820301601,machand01,0,1.0,0,0,0,0,0,0,3,3,2,0,0,0.171, 0.00%,0,0,0,0,1,0,0
20210820301601,finnkyl01,0,1.0,0,0,0,1,1,0,19,12,1,1,0,0.044000000000000004, 0.00%,0,0,0,0,0,1,0
20210821301601,espipao01,1,4.1,5,3,3,1,6,1,79,54,6,6,1,0.048, 0.00%,0,0,0,0,0,0,0
20210821301601,klobgab01,0,0.2,2,1,1,0,0,0,15,11,3,1,0,-0.27699999999999997,-0.00%,0,0,0,0,0,0,0
20210821301601,harpryn01,0,1.1,1,0,0,0,2,0,17,11,1,1,0,0.075, 0.00%,1,0,0,0,0,0,0
20210821301601,machand01,0,0.2,0,0,0,1,0,0,18,10,0,2,0,0.091, 0.00%,1,0,0,0,0,0,0
20210821301601,guerjav01,0,0.1,2,5,4,0,0,1,34,21,0,3,1,-0.385,-0.00%,2,0,0,1,0,0,0
20210821301601,rodrjef01,0,0.2,1,0,0,0,1,0,7,6,0,2,1,0.001, 0.00%,0,0,0,0,0,0,0
20210822301601,nolisea01,1,4.0,6,3,3,3,5,1,81,45,4,8,6,-0.142, 0.00%,0,0,0,1,0,0,0
20210822301601,harpryn01,0,1.0,0,0,0,2,1,0,29,15,0,2,0,0.034, 0.00%,0,0,0,0,0,0,0
20210822301601,klobgab01,0,1.0,0,2,1,3,1,0,35,15,2,0,0,-0.096, 0.00%,1,0,0,0,0,0,0
20210822301601,rodrjef01,0,1.0,1,2,2,2,0,1,25,15,0,4,1,-0.021, 0.00%,0,0,0,0,0,0,0
20210822301601,vothaus01,0,1.0,2,0,0,1,0,0,20,10,1,3,2,0.001, 0.00%,0,0,0,0,0,0,0
20210824301501,fedderi01,1,6.1,6,1,1,1,10,0,103,69,6,8,2,0.23399999999999999, 0.00%,0,0,1,0,0,0,0
20210824301501,machand01,0,0.2,1,0,0,0,2,0,14,10,0,1,1,0.024, 0.00%,0,0,0,0,0,0,0
20210824301501,mcgokyl01,0,1.0,0,0,0,0,2,0,16,10,1,0,0,0.027999999999999997, 0.00%,0,0,0,0,0,0,0
20210824301501,finnkyl01,0,1.0,1,0,0,0,2,0,20,15,2,0,0,0.018000000000000002, 0.00%,0,0,0,0,0,0,0
20210825301501,grayjos01,1,6.0,5,2,2,3,7,1,91,62,8,8,0,0.049, 0.00%,0,1,0,0,0,0,0
20210825301501,machand01,0,1.0,2,1,1,0,0,0,17,11,2,3,2,-0.14,-0.00%,0,0,0,0,0,0,1
20210825301501,mcgokyl01,0,1.0,0,0,0,0,1,0,11,7,1,1,1,0.107, 0.00%,0,0,0,0,0,0,0
20210825301501,vothaus01,0,1.0,1,0,0,1,1,0,20,12,2,1,0,0.138, 0.00%,0,1,0,0,0,0,0
20210825301501,finnkyl01,0,0.1,1,1,0,2,0,0,4,3,2,0,0,-0.18899999999999997,-0.00%,0,2,0,1,0,0,0
20210826301501,corbpat01,1,3.0,4,6,6,2,3,2,58,36,5,5,3,-0.35200000000000004,-0.00%,0,0,0,1,0,0,0
20210826301501,thommas01,0,2.0,3,1,0,0,1,0,29,19,7,2,0,-0.015, 0.00%,0,0,0,0,0,0,0
20210826301501,murppat01,0,1.0,1,0,0,1,2,0,18,10,2,0,0,0.01, 0.00%,0,0,0,0,0,0,0
20210826301501,claysam01,0,1.0,0,0,0,1,2,0,26,17,1,0,0,0.006, 0.00%,0,0,0,0,0,0,0
20210826301501,harpryn01,0,1.0,0,0,0,0,1,0,12,10,0,2,1,0.003, 0.00%,0,0,0,0,0,0,0
20210827301901,espipao01,1,5.0,3,1,1,0,7,1,68,49,3,8,3,0.172, 0.00%,0,0,1,0,0,0,0
20210827301901,machand01,0,1.0,0,0,0,0,0,0,16,12,1,2,0,0.087, 0.00%,0,0,0,0,1,0,0
20210827301901,claysam01,0,1.0,0,0,0,0,2,0,14,10,1,0,0,0.107, 0.00%,0,0,0,0,1,0,0
20210827301901,mcgokyl01,0,1.0,1,0,0,0,2,0,19,15,0,2,0,0.139, 0.00%,0,0,0,0,1,0,0
20210827301901,finnkyl01,0,1.0,0,0,0,1,0,0,11,5,2,0,0,0.195, 0.00%,0,0,0,0,0,1,0
20210828301901,nolisea01,1,5.1,6,2,2,0,6,2,71,51,5,10,4,0.016, 0.00%,0,0,0,0,0,0,0
20210828301901,murppat01,0,0.2,0,0,0,0,1,0,8,6,1,0,0,0.077, 0.00%,0,0,0,0,0,0,0
20210828301901,harpryn01,0,0.1,1,2,2,0,0,0,11,9,2,0,0,-0.081, 0.00%,1,0,0,1,1,0,0
20210828301901,thommas01,0,1.2,3,1,1,0,2,1,34,21,3,3,2,-0.42100000000000004,-0.00%,0,0,0,0,0,0,1
20210829301901,fedderi01,1,5.1,8,6,5,1,6,1,99,60,7,11,4,-0.377,-0.00%,2,0,0,1,0,0,0
20210829301901,mcgokyl01,0,0.2,1,1,1,1,1,1,20,11,0,2,1,-0.09300000000000001, 0.00%,0,0,0,0,0,0,0
20210829301901,vothaus01,0,1.0,0,0,0,0,1,0,13,10,1,1,1,0.006, 0.00%,0,0,0,0,0,0,0
20210829301901,claysam01,0,1.0,2,2,2,2,0,0,19,10,3,1,1,-0.02, 0.00%,1,1,0,0,0,0,0
20210830213001,grayjos01,1,4.0,7,6,6,3,4,1,83,54,7,7,2,-0.41200000000000003,-0.00%,0,0,0,1,0,0,0
20210830213001,murppat01,0,2.0,2,1,1,0,1,1,32,21,5,3,1,-0.018000000000000002, 0.00%,0,0,0,0,0,0,0
20210830213001,harpryn01,0,2.0,1,0,0,1,1,0,35,21,2,4,1,0.034, 0.00%,0,0,0,0,0,0,0
20210830213001,machand01,0,1.0,0,0,0,1,0,0,14,6,1,2,0,0.008, 0.00%,0,0,0,0,0,0,0
20210831213001,corbpat01,1,5.0,9,6,6,4,4,2,93,53,10,9,3,-0.341,-0.00%,0,0,0,1,0,0,0
20210831213001,machand01,0,0.1,4,3,3,0,0,0,12,9,3,1,1,-0.371, 0.00%,1,0,0,0,0,0,0
20210831213001,thommas01,0,0.2,1,0,0,0,1,0,10,7,2,0,0,0.015, 0.00%,0,0,0,0,0,0,0
20210831213001,claysam01,0,1.1,0,0,0,0,2,0,16,11,2,0,0,0.013999999999999999, 0.00%,0,0,0,0,0,0,0
20210831213001,mcgokyl01,0,0.2,0,0,0,1,0,0,9,4,1,1,0,0.004, 0.00%,0,0,0,0,0,0,0
20210831213001,suerwan01,0,0.2,4,3,3,2,0,1,36,23,1,5,2,-0.013000000000000001, 0.00%,0,0,0,0,0,0,0
20210831213001,harpryn01,0,0.1,0,0,0,0,0,0,1,1,0,1,0,0.0, 0.00%,0,0,0,0,0,0,0
20210902213001,espipao01,1,5.1,4,2,2,1,5,0,89,59,7,8,2,0.231, 0.00%,0,0,0,0,0,0,0
20210902213001,thommas01,0,0.0,1,1,1,2,0,0,13,3,0,1,1,-0.14, 0.00%,0,0,0,0,0,0,0
20210902213001,claysam01,0,0.2,0,0,0,0,0,0,4,4,1,1,0,0.09300000000000001, 0.00%,0,0,0,0,1,0,0
20210902213001,baldalb01,0,1.0,1,0,0,0,2,0,21,12,1,1,1,0.046, 0.00%,0,0,0,0,1,0,0
20210902213001,murppat01,0,0.1,3,3,2,0,1,0,15,9,1,2,2,-0.16699999999999998, 0.00%,0,0,0,0,1,0,0
20210902213001,machand01,0,0.2,0,1,0,1,0,0,19,12,3,0,0,-0.466, 0.00%,0,0,0,1,0,0,1
20210902213001,vothaus01,0,1.0,0,0,0,0,2,0,20,14,0,1,0,0.037000000000000005, 0.00%,0,0,0,0,0,0,0
20210903193001,nolisea01,1,5.0,5,2,2,1,3,0,102,63,9,8,2,-0.002, 0.00%,1,0,0,0,0,0,0
20210903193001,murppat01,0,2.0,2,0,0,0,5,0,39,25,3,0,0,0.07, 0.00%,1,0,0,0,0,0,0
20210903193001,claysam01,0,1.0,1,0,0,0,0,0,9,7,2,2,0,0.027999999999999997, 0.00%,0,0,0,0,0,0,0
20210903193001,harpryn01,0,1.0,1,0,0,1,1,0,15,10,1,1,1,0.017, 0.00%,0,0,0,0,0,0,0
20210903193001,vothaus01,0,1.0,3,4,3,2,2,0,27,19,1,3,2,-0.45799999999999996, 0.00%,0,1,0,1,0,0,0
20210904193001,fedderi01,1,3.0,9,7,4,1,2,1,80,51,12,5,2,-0.40299999999999997, 0.00%,0,0,0,0,0,0,0
20210904193001,suerwan01,0,2.0,2,2,2,1,2,1,36,23,2,4,1,-0.006, 0.00%,0,0,0,0,0,0,0
20210904193001,harpryn01,0,1.0,0,0,0,0,0,0,12,9,0,3,0,0.002, 0.00%,0,0,0,0,0,0,0
20210904193001,baldalb01,0,2.0,0,0,0,0,2,0,29,18,0,4,2,0.325, 0.00%,0,0,0,0,0,0,0
20210904193001,finnkyl01,0,1.0,2,2,1,0,2,1,23,13,1,2,0,-0.307, 0.00%,0,0,0,1,0,0,0
20210904193002,rogejos01,1,5.2,4,3,3,3,5,1,87,57,5,11,3,0.146, 0.00%,0,0,1,0,0,0,0
20210904193002,machand01,0,0.1,0,0,0,0,1,0,4,3,0,0,0,0.026000000000000002, 0.00%,0,0,0,0,1,0,0
20210904193002,finnkyl01,0,1.0,0,0,0,1,2,0,18,12,1,0,0,0.159, 0.00%,0,0,0,0,0,1,0
20210905193001,grayjos01,1,3.0,7,6,6,1,2,2,82,49,3,11,5,-0.426, 0.00%,0,0,0,0,0,0,0
20210905193001,murppat01,0,2.0,1,0,0,0,2,0,19,11,2,2,1,0.054000000000000006, 0.00%,1,0,0,0,0,0,0
20210905193001,thommas01,0,2.0,0,0,0,2,1,0,20,11,4,0,0,0.161, 0.00%,0,0,0,0,0,0,0
20210905193001,machand01,0,0.1,3,1,1,0,0,0,11,8,2,2,2,-0.285, 0.00%,0,0,0,1,0,0,0
20210905193001,baldalb01,0,0.2,0,0,0,0,1,0,8,7,1,0,0,0.085, 0.00%,0,0,0,0,0,0,0
20210905193001,vothaus01,0,0.0,5,6,6,1,0,2,26,15,0,5,3,-0.159, 0.00%,0,0,0,0,0,0,0
20210905193001,suerwan01,0,1.0,0,0,0,0,2,0,12,8,1,0,0,0.0, 0.00%,0,0,0,0,0,0,0
20210906193001,corbpat01,1,7.0,11,3,3,1,4,1,114,73,15,10,6,-0.019, 0.00%,0,0,0,0,0,0,0
20210906193001,finnkyl01,0,2.0,1,0,0,1,2,0,30,19,2,3,0,0.08800000000000001, 0.00%,0,0,1,0,0,0,0
20210907300201,espipao01,1,5.0,7,5,5,2,7,1,92,58,3,11,5,-0.267, 0.00%,0,0,0,0,0,0,0
20210907300201,machand01,0,1.0,0,0,0,0,0,0,8,7,2,1,0,0.012, 0.00%,0,0,0,0,0,0,0
20210907300201,harpryn01,0,0.0,2,2,2,1,0,1,10,3,1,1,0,-0.321, 0.00%,0,0,0,1,0,0,0
20210907300201,baldalb01,0,1.0,0,0,0,1,1,0,15,8,0,2,1,0.057999999999999996, 0.00%,0,0,0,0,0,0,0
20210907300201,claysam01,0,1.0,2,1,1,0,1,0,16,8,1,3,3,-0.027000000000000003, 0.00%,0,0,0,0,0,0,0
20210908300201,nolisea01,1,0.1,1,0,0,0,0,0,8,4,1,1,1,-0.039, 0.00%,1,0,0,0,0,0,0
20210908300201,murppat01,0,2.2,0,0,0,2,4,0,46,29,3,1,0,0.20800000000000002, 0.00%,0,0,0,0,0,0,0
20210908300201,machand01,0,1.0,2,1,1,1,0,1,24,12,2,3,0,-0.047, 0.00%,0,0,0,0,1,0,0
20210908300201,thommas01,0,1.0,1,0,0,0,2,0,11,9,0,2,0,0.077, 0.00%,0,0,0,0,1,0,0
20210908300201,vothaus01,0,1.2,1,1,1,2,3,1,40,19,1,2,0,-0.035, 0.00%,0,0,1,0,0,0,1
20210908300201,suerwan01,0,1.1,0,0,0,0,1,0,14,9,0,3,2,0.15, 0.00%,0,0,0,0,1,0,0
20210908300201,finnkyl01,0,1.0,1,0,0,0,2,0,18,13,1,1,1,0.10099999999999999, 0.00%,0,0,0,0,0,1,0
20210909300201,fedderi01,1,6.0,5,4,4,0,7,3,108,70,6,10,2,-0.195, 0.00%,0,0,0,0,0,0,0
20210909300201,claysam01,0,0.0,1,0,0,2,0,0,15,5,0,1,1,-0.23, 0.00%,0,0,0,0,0,0,0
20210909300201,thommas01,0,2.0,2,2,2,1,2,2,23,15,2,3,1,-0.185, 0.00%,0,1,0,0,0,0,0
20210909300201,suerwan01,0,1.2,1,1,0,1,2,0,36,21,0,4,1,-0.036000000000000004, 0.00%,1,0,0,1,0,0,0
20210910302201,rogejos01,1,6.2,8,2,2,1,1,1,82,55,10,15,6,0.175, 0.00%,0,0,0,0,0,0,0
20210910302201,machand01,0,1.1,0,0,0,1,0,0,21,10,1,3,1,0.193, 0.00%,0,0,0,0,1,0,0
20210910302201,murppat01,0,0.1,1,2,2,1,0,0,13,7,1,1,0,-0.342, 0.00%,0,0,0,1,1,0,0
20210910302201,baldalb01,0,0.1,1,0,0,0,0,0,6,4,2,0,0,-0.45799999999999996, 0.00%,0,0,0,0,0,0,1
20210911302201,grayjos01,1,5.0,3,5,5,6,4,2,100,54,4,10,3,-0.326, 0.00%,0,0,0,0,0,0,0
20210911302201,baldalb01,0,0.1,0,2,2,2,0,0,13,4,1,0,0,-0.127, 0.00%,0,0,0,1,0,0,0
20210911302201,machand01,0,0.2,1,2,0,2,2,0,25,12,2,0,0,-0.24100000000000002, 0.00%,0,0,0,0,0,0,0
20210911302201,claysam01,0,1.0,2,1,1,0,0,0,16,8,4,1,0,-0.022000000000000002, 0.00%,0,0,0,0,0,0,0
20210911302201,harpryn01,0,1.0,1,0,0,0,2,0,19,13,1,1,1,0.006, 0.00%,0,0,0,0,0,0,0
20210912302201,corbpat01,1,7.0,4,2,2,2,4,0,101,64,10,10,2,0.11199999999999999, 0.00%,0,0,1,0,0,0,0
20210912302201,thommas01,0,0.1,1,0,0,1,1,0,17,8,1,0,0,-0.033, 0.00%,0,0,0,0,0,0,0
20210912302201,finnkyl01,0,1.2,0,0,0,0,1,0,17,12,2,1,1,0.079, 0.00%,0,0,0,0,0,1,0
20210913153001,espipao01,1,6.0,6,1,1,3,6,0,91,62,5,11,5,0.192, 0.00%,0,1,0,1,0,0,0
20210913153001,claysam01,0,1.0,0,0,0,0,1,0,13,10,1,1,0,0.054000000000000006, 0.00%,0,0,0,0,0,0,0
20210913153001,vothaus01,0,1.0,0,0,0,0,1,0,19,12,2,0,0,0.051, 0.00%,0,0,0,0,0,0,0
20210913153001,murppat01,0,1.0,3,2,2,0,0,0,14,10,1,5,3,-0.12, 0.00%,0,0,0,0,0,0,0
20210914153001,fedderi01,1,5.0,3,1,1,0,8,1,95,61,7,4,0,0.16399999999999998, 0.00%,0,0,1,0,0,0,0
20210914153001,baldalb01,0,1.0,0,0,0,0,0,0,12,7,2,1,0,0.047, 0.00%,0,0,0,0,1,0,0
20210914153001,machand01,0,1.0,1,1,1,0,2,1,20,11,0,2,1,-0.008, 0.00%,1,0,0,0,1,0,0
20210914153001,vothaus01,0,1.0,0,0,0,0,2,0,17,12,0,1,0,0.073, 0.00%,0,0,0,0,1,0,0
20210914153001,suerwan01,0,1.0,0,0,0,0,2,0,10,7,0,1,0,0.002, 0.00%,0,0,0,0,0,0,0
20210915153001,rogejos01,1,5.0,1,0,0,1,6,0,73,44,3,7,3,0.281, 0.00%,2,0,0,0,0,0,0
20210915153001,baldalb01,0,1.0,1,2,2,1,1,1,17,10,1,2,0,-0.21100000000000002, 0.00%,0,0,0,0,0,0,1
20210915153001,claysam01,0,0.1,2,1,1,0,1,0,14,10,1,1,0,-0.172, 0.00%,0,0,0,0,1,0,0
20210915153001,thommas01,0,0.2,1,0,0,0,0,0,6,3,2,0,0,0.061, 0.00%,0,0,0,0,0,0,1
20210915153001,suerwan01,0,0.2,2,1,1,0,1,1,11,9,0,3,1,-0.055999999999999994, 0.00%,0,0,0,0,1,0,0
20210915153001,finnkyl01,0,1.1,4,4,4,1,1,1,22,15,5,2,1,-0.7809999999999999, 0.00%,0,0,0,1,0,0,1
20210917093001,grayjos01,1,5.1,3,5,5,4,5,1,94,58,3,11,4,-0.1, 0.00%,0,0,0,0,0,0,0
20210917093001,baldalb01,0,0.2,2,2,2,0,1,1,18,11,0,3,1,-0.377, 0.00%,0,0,0,0,0,0,1
20210917093001,thommas01,0,1.0,0,0,0,0,1,0,11,7,1,1,1,0.054000000000000006, 0.00%,0,0,0,0,0,0,0
20210917093001,murppat01,0,1.0,0,0,0,0,0,0,20,12,0,3,1,0.05, 0.00%,0,0,0,0,0,0,0
20210917093001,finnkyl01,0,1.0,3,2,2,1,0,1,28,17,2,3,3,-0.6459999999999999, 0.00%,0,0,0,1,0,0,1
20210918093001,corbpat01,1,4.0,10,6,6,3,5,2,87,51,8,9,4,-0.311, 0.00%,0,0,0,1,0,0,0
20210918093001,harpryn01,0,2.0,1,0,0,0,2,0,17,15,3,2,0,0.011000000000000001, 0.00%,0,0,0,0,0,0,0
20210918093001,nolisea01,0,3.0,1,0,0,3,2,0,51,29,4,4,0,0.005, 0.00%,0,0,0,0,0,0,0
20210919093001,espipao01,1,5.2,3,0,0,3,7,0,91,52,5,7,5,0.27699999999999997, 0.00%,0,0,1,0,0,0,0
20210919093001,vothaus01,0,0.1,0,0,0,1,0,0,12,5,0,1,0,0.057999999999999996, 0.00%,0,0,0,0,1,0,0
20210919093001,raintan01,0,1.0,0,0,0,0,3,0,13,11,0,0,0,0.046, 0.00%,0,0,0,0,1,0,0
20210919093001,thommas01,0,0.2,2,0,0,0,0,0,13,7,2,2,1,-0.001, 0.00%,0,0,0,0,1,0,0
20210919093001,machand01,0,0.1,0,0,0,0,1,0,3,3,0,0,0,0.043, 0.00%,0,0,0,0,1,0,0
20210919093001,finnkyl01,0,1.0,0,0,0,1,1,0,13,7,1,0,0,0.032, 0.00%,0,0,0,0,0,1,0
20210920301501,fedderi01,1,5.0,4,4,2,0,5,3,96,58,10,5,0,-0.14300000000000002, 0.00%,0,0,0,0,0,0,0
20210920301501,baldalb01,0,1.0,1,0,0,0,2,0,22,12,0,2,1,0.07400000000000001, 0.00%,0,0,0,0,1,0,0
20210920301501,murppat01,0,0.1,2,2,2,0,0,0,12,8,1,2,0,-0.152, 0.00%,0,0,0,0,1,0,0
20210920301501,vothaus01,0,0.2,2,1,1,1,0,0,21,12,2,2,0,-0.225, 0.00%,0,0,0,0,0,0,1
20210920301501,machand01,0,1.0,0,0,0,0,2,0,11,7,0,1,1,0.107, 0.00%,0,0,0,0,0,0,0
20210920301501,raintan01,0,1.0,0,0,0,0,3,0,15,10,0,0,0,0.138, 0.00%,0,0,0,0,0,0,0
20210920301501,claysam01,0,0.0,0,1,0,1,0,0,3,0,0,0,0,-0.18899999999999997, 0.00%,0,1,0,1,0,0,0
20210921301501,rogejos01,1,7.2,5,1,1,2,4,1,103,67,10,13,7,0.23, 0.00%,0,0,1,0,0,0,0
20210921301501,machand01,0,0.1,0,0,0,1,0,0,11,4,1,0,0,0.049, 0.00%,0,0,0,0,1,0,0
20210921301501,thommas01,0,1.0,0,0,0,0,1,0,12,9,0,2,1,0.003, 0.00%,0,0,0,0,0,0,0
20210922301501,grayjos01,1,6.0,6,2,2,1,8,0,100,71,5,11,4,0.161, 0.00%,0,0,1,0,0,0,0
20210922301501,vothaus01,0,1.0,1,0,0,0,0,0,19,12,1,3,1,0.02, 0.00%,0,0,0,0,0,0,0
20210922301501,murppat01,0,1.0,0,0,0,0,1,0,9,5,1,1,0,0.015, 0.00%,0,0,0,0,0,0,0
20210922301501,harpryn01,0,0.1,3,3,3,0,1,2,16,11,1,2,0,-0.037000000000000005, 0.00%,0,0,0,0,0,0,0
20210922301501,raintan01,0,0.2,0,0,0,0,0,0,7,6,2,0,0,0.045, 0.00%,0,0,0,0,0,1,0
20210923300701,corbpat01,1,6.2,4,0,0,4,7,0,99,59,11,5,4,0.424, 0.00%,0,0,1,0,0,0,0
20210923300701,thommas01,0,0.1,0,0,0,0,1,0,4,4,0,0,0,0.038, 0.00%,0,0,0,0,1,0,0
20210923300701,raintan01,0,1.0,0,0,0,1,2,0,17,10,0,1,0,0.062, 0.00%,0,0,0,0,1,0,0
20210923300701,finnkyl01,0,1.0,2,2,2,0,1,0,24,14,1,3,2,0.051, 0.00%,1,0,0,0,0,1,0
20210924300701,espipao01,1,5.0,5,3,3,0,2,2,86,54,6,11,2,0.031, 0.00%,0,0,0,0,0,0,0
20210924300701,baldalb01,0,0.1,1,2,2,1,1,1,14,6,0,1,0,-0.166, 0.00%,0,0,0,0,0,0,1
20210924300701,machand01,0,0.2,1,1,1,0,1,1,12,8,0,2,2,-0.218, 0.00%,0,0,0,0,0,0,0
20210924300701,murppat01,0,0.1,1,1,1,1,0,0,17,8,0,2,1,-0.017, 0.00%,0,0,0,0,0,0,0
20210924300701,nolisea01,0,0.2,1,0,0,0,1,0,17,10,1,1,0,-0.024, 0.00%,0,0,0,0,0,0,0
20210924300701,romejho01,0,1.0,0,0,0,0,0,0,14,9,1,2,0,0.009000000000000001, 0.00%,0,0,0,0,0,0,0
20210924300701,finnkyl01,0,1.0,1,0,0,0,1,0,22,15,2,1,0,0.154, 0.00%,1,0,0,0,0,0,0
20210924300701,vothaus01,0,1.0,1,0,0,1,1,0,13,10,1,2,1,0.32299999999999995, 0.00%,0,1,0,0,0,0,0
20210924300701,thommas01,0,0.0,1,1,0,0,0,0,2,2,1,0,0,-0.17800000000000002, 0.00%,0,0,0,1,0,0,0
20210925300701,fedderi01,1,4.2,7,5,5,3,1,0,96,57,7,10,4,-0.317, 0.00%,1,0,0,0,0,0,0
20210925300701,thommas01,0,0.1,0,0,0,0,1,0,5,3,0,0,0,0.057999999999999996, 0.00%,0,0,0,0,0,0,0
20210925300701,baldalb01,0,0.1,2,0,0,1,0,0,17,8,0,3,1,-0.126, 0.00%,0,0,0,0,0,0,0
20210925300701,romejho01,0,0.2,0,0,0,0,0,0,7,5,1,1,1,0.20600000000000002, 0.00%,0,0,0,0,0,0,0
20210925300701,machand01,0,1.0,1,1,1,1,1,0,18,12,1,2,1,-0.113, 0.00%,0,0,0,0,0,0,1
20210925300701,murppat01,0,1.1,1,1,1,0,2,1,21,15,1,2,1,-0.23, 0.00%,0,0,0,1,0,0,0
20210926300701,rogejos01,1,4.2,7,3,3,4,3,2,102,62,4,14,6,-0.134, 0.00%,0,0,0,1,0,0,0
20210926300701,harpryn01,0,1.0,5,4,4,2,2,1,34,20,3,3,1,-0.11900000000000001, 0.00%,0,1,0,0,0,0,0
20210926300701,nolisea01,0,2.1,2,2,2,3,1,0,58,30,4,5,1,0.006, 0.00%,0,0,0,0,0,0,0
20210927300901,grayjos01,1,5.1,4,3,3,3,4,0,90,52,6,10,2,-0.063, 0.00%,1,0,1,0,0,0,0
20210927300901,vothaus01,0,0.2,1,0,0,0,0,0,14,9,0,3,1,0.121, 0.00%,0,0,0,0,1,0,0
20210927300901,thommas01,0,1.0,1,0,0,1,1,0,21,13,0,3,2,0.115, 0.00%,0,0,0,0,1,0,0
20210927300901,finnkyl01,0,1.0,1,0,0,1,1,0,20,12,2,1,1,0.153, 0.00%,0,0,0,0,1,0,0
20210927300901,raintan01,0,1.0,1,1,1,1,0,0,17,11,3,1,0,0.10800000000000001, 0.00%,0,0,0,0,0,1,0
20210928300901,corbpat01,1,6.0,6,2,2,3,9,1,101,64,8,6,4,0.069, 0.00%,0,1,0,1,0,0,0
20210928300901,romejho01,0,1.0,2,1,1,0,2,0,25,17,0,3,2,-0.07, 0.00%,0,0,0,0,0,0,0
20210928300901,murppat01,0,1.0,1,0,0,1,2,0,16,12,0,2,1,0.018000000000000002, 0.00%,0,0,0,0,0,0,0
20210929300901,espipao01,1,2.0,4,4,4,1,0,1,34,18,6,4,2,-0.281, 0.00%,0,0,0,0,0,0,0
20210929300901,thommas01,0,0.0,1,2,2,1,0,0,10,5,1,0,0,-0.187, 0.00%,1,0,0,1,0,0,0
20210929300901,vothaus01,0,1.0,1,0,0,1,2,0,24,13,2,0,0,0.019, 0.00%,0,0,0,0,0,0,1
20210929300901,machand01,0,1.0,2,0,0,0,0,0,17,9,2,2,1,0.051, 0.00%,0,0,0,0,0,0,0
20210929300901,baldalb01,0,0.1,1,2,2,1,1,0,15,7,0,1,0,-0.033, 0.00%,0,0,0,0,0,0,0
20210929300901,romejho01,0,0.2,2,1,1,0,0,0,21,13,1,3,1,-0.172, 0.00%,0,0,0,0,0,0,0
20210929300901,nolisea01,0,2.0,2,0,0,1,0,0,42,30,3,4,1,0.021, 0.00%,0,0,0,0,0,0,0
20210929300901,fedderi01,0,1.0,1,1,1,1,1,0,20,11,2,1,1,-0.006, 0.00%,0,0,0,0,0,0,0
20211001043001,rogejos01,1,6.0,7,4,4,3,3,2,86,56,4,17,5,-0.133, 0.00%,0,0,0,1,0,0,0
20211001043001,machand01,0,0.1,0,0,0,2,0,0,13,5,0,1,1,-0.006999999999999999, 0.00%,0,0,0,0,0,0,0
20211001043001,baldalb01,0,0.2,0,0,0,0,0,0,8,6,0,2,0,0.018000000000000002, 0.00%,0,0,0,0,0,0,0
20211001043001,murppat01,0,1.0,0,0,0,0,1,0,12,6,2,1,1,0.013999999999999999, 0.00%,0,0,0,0,0,0,0
20211001043001,nolisea01,0,1.0,0,0,0,2,0,0,18,9,0,2,0,0.017, 0.00%,0,0,0,0,0,0,0
20211002043001,grayjos01,1,6.0,3,1,1,2,7,1,90,60,5,8,2,0.179, 0.00%,0,0,0,0,0,0,0
20211002043001,vothaus01,0,1.0,0,0,0,0,2,0,14,9,0,1,1,0.054000000000000006, 0.00%,0,0,0,0,0,0,0
20211002043001,finnkyl01,0,0.2,0,0,0,2,2,0,20,9,0,0,0,0.006999999999999999, 0.00%,0,0,0,0,0,0,0
20211002043001,raintan01,0,1.0,2,3,3,2,3,0,33,18,0,2,1,-0.377, 0.00%,0,0,0,1,0,0,0
20211002043001,thommas01,0,0.0,2,1,1,1,0,1,11,4,0,2,1,-0.066, 0.00%,0,0,0,0,0,0,0
20211002043001,harpryn01,0,0.1,0,0,0,0,0,0,2,1,0,1,1,0.003, 0.00%,0,0,0,0,0,0,0
20211003043001,adonjoa01,1,5.1,6,2,2,3,9,1,94,57,8,3,2,0.14300000000000002, 0.00%,1,0,0,0,0,0,0
20211003043001,murppat01,0,0.2,1,0,0,0,1,0,7,6,1,1,0,0.024, 0.00%,0,0,0,0,1,0,0
20211003043001,fedderi01,0,0.2,4,3,3,0,1,0,22,14,2,3,2,-0.375, 0.00%,0,0,0,0,0,0,1
20211003043001,machand01,0,1.1,0,0,0,0,0,0,22,15,2,2,0,0.16699999999999998, 0.00%,0,0,0,0,0,0,0
20211003043001,finnkyl01,0,0.1,1,2,1,0,1,1,12,7,1,1,1,-0.42100000000000004, 0.00%,0,0,0,1,0,0,0
20211003043001,romejho01,0,0.2,1,0,0,0,1,0,11,8,1,1,1,0.009000000000000001, 0.00%,0,0,0,0,0,0,0
