GAME_ID,Pitching,IP,H,R,ER,BB,SO,HR,ERA,BF,Pit,Str,Ctct,StS,StL,GB,FB,LD,Unk,GSc,IR,IS,WPA,aLI,cWPA,acLI,RE24,SPFlag,HBP,IBB,W,L,H.1,S,BS
1,Max Scherzer, 6 ,5,4,4,0,9,4,6.00,23,91,60,29,21,10,2,12,2,0,55,,,-0.073, 0.69,-0.04%, 0.70, -1.1,1,0,0,0,0,0,0,0
1,Kyle Finnegan, 0.2,2,1,1,1,0,0,13.50,5,18,12,9,3,0,3,1,0,0,,0,0,-0.207, 2.43,-0.13%, 2.48, -1.1,0,0,0,0,0,0,0,0
1,Wander Suero, 0.1,0,0,0,0,0,0,0.00,1,7,4,4,0,0,1,0,0,0,,2,0,0.063, 2.15, 0.04%, 2.19, 0.6,0,0,0,0,0,0,0,0
1,Kyle McGowin, 1 ,0,0,0,1,0,0,0.00,4,15,8,5,1,2,1,2,0,0,,0,0,0.050, 1.00, 0.03%, 1.02, 0.5,0,0,0,0,0,0,0,0
1,Daniel Hudson, 1 ,0,0,0,1,2,0,0.00,4,18,10,6,4,0,1,0,0,0,,0,0,0.135, 1.92, 0.08%, 1.96, 0.5,0,0,0,1,0,0,0,0
2,Erick Fedde, 1.2,6,6,5,3,1,0,27.00,14,45,27,21,2,4,3,7,4,0,19,,,-0.614, 1.94,-0.41%, 2.16, -5.3,1,0,2,0,1,0,0,0
2,Kyle McGowin, 1.1,0,0,0,0,1,0,0.00,4,15,10,7,1,2,3,0,0,0,,1,0,0.079, 0.75, 0.05%, 0.84, 0.8,0,0,0,0,0,0,0,0
2,Sam Clay, 1 ,1,0,0,0,2,0,0.00,4,15,8,3,2,3,1,1,1,0,,0,0,0.054, 1.30, 0.04%, 1.45, 0.5,0,0,0,0,0,0,0,0
2,Kyle Finnegan, 1 ,0,0,0,0,3,0,5.40,3,12,9,4,2,3,0,0,0,0,,0,0,0.054, 0.72, 0.04%, 0.81, 0.5,0,0,0,0,0,0,0,0
2,Luis Avilan, 1 ,0,0,0,0,1,0,0.00,3,14,10,6,3,1,1,1,0,0,,0,0,0.050, 0.67, 0.03%, 0.74, 0.5,0,0,0,0,0,0,0,0
2,Wander Suero, 1 ,2,1,1,0,2,0,6.75,5,21,14,9,3,2,2,1,1,0,,0,0,-0.071, 0.58,-0.05%, 0.64, -0.5,0,0,0,0,0,0,0,0
3,Stephen Strasburg, 6 ,1,0,0,2,8,0,0.00,21,85,48,21,12,15,4,7,2,0,76,,,0.446, 1.13, 0.29%, 1.25, 2.9,1,0,0,0,0,0,0,0
3,Tanner Rainey, 1 ,2,2,2,1,0,1,18.00,6,28,16,10,2,4,0,5,1,0,,0,0,-0.411, 1.35,-0.27%, 1.48, -1.5,0,0,0,0,1,0,0,0
4,Joe Ross, 5 ,2,0,0,2,4,0,0.00,18,67,40,21,2,17,5,7,3,0,65,,,0.280, 0.88, 0.16%, 0.84, 2.5,1,0,0,0,0,0,0,0
4,Luis Avilan, 1 ,1,1,1,0,2,1,4.50,4,17,10,7,0,3,0,2,1,0,,0,0,-0.121, 0.85,-0.07%, 0.81, -0.5,0,0,0,0,1,0,0,0
4,Wander Suero, 1 ,1,0,0,0,0,0,3.86,4,11,7,6,0,1,1,3,3,0,,0,0,0.043, 0.70, 0.03%, 0.67, 0.5,0,0,0,0,0,0,0,0
4,Sam Clay, 1 ,0,0,0,0,0,0,0.00,3,9,6,4,0,2,2,1,0,0,,0,0,0.031, 0.41, 0.02%, 0.39, 0.5,0,0,0,0,0,0,0,0
5,Patrick Corbin, 4.1,6,6,6,3,5,1,12.46,21,80,48,22,10,16,4,9,4,0,29,,,-0.372, 0.87,-0.20%, 0.78, -4.2,1,0,0,0,1,0,0,0
5,Austin Voth, 0.2,0,0,0,1,1,0,0.00,3,7,7,2,0,5,0,1,0,0,,1,0,0.010, 0.20, 0.01%, 0.18, 0.7,0,0,1,0,0,0,0,0
5,Sam Clay, 1.2,2,3,3,1,1,0,7.36,8,20,13,8,1,4,2,4,1,0,,0,0,0.013, 0.23, 0.01%, 0.21, 0.2,0,0,1,0,0,0,0,0
5,Kyle Finnegan, 0.1,1,0,0,0,1,0,4.50,2,6,4,1,1,2,0,1,1,0,,3,3,-0.045, 0.34,-0.02%, 0.32, -2.2,0,0,0,0,0,0,0,0
5,Wander Suero, 1 ,0,0,0,2,1,0,2.70,5,20,7,4,1,2,1,1,0,0,,0,0,0.001, 0.01, 0.00%, 0.01, 0.5,0,0,0,0,0,0,0,0
6,Max Scherzer, 6 ,3,1,1,1,5,0,3.75,21,90,54,32,11,11,4,11,4,0,66,,,0.177, 0.80, 0.09%, 0.70, 2.1,1,0,0,0,1,0,0,0
6,Tanner Rainey, 1 ,2,2,2,0,1,1,18.00,5,18,14,8,4,2,0,4,1,0,,0,0,-0.140, 0.64,-0.07%, 0.56, -1.5,0,0,0,0,0,0,0,0
6,Brad Hand, 1 ,0,0,0,0,1,0,0.00,3,11,7,4,2,1,1,1,0,0,,0,0,0.007, 0.08, 0.00%, 0.07, 0.5,0,0,0,0,0,0,0,0
7,Erick Fedde, 4.2,2,1,1,2,5,0,8.53,18,77,45,27,5,13,6,5,1,0,59,,,0.077, 1.09, 0.04%, 0.85, 0.8,1,0,0,0,0,0,0,0
7,Kyle Finnegan, 1.1,1,1,1,0,2,1,5.40,5,19,15,8,5,2,1,2,0,0,,2,0,0.024, 1.26, 0.01%, 0.98, 0.1,0,0,0,1,0,0,0,0
7,Tanner Rainey, 1 ,2,0,0,0,1,0,12.00,5,12,9,7,2,0,0,4,2,0,,0,0,0.078, 2.54, 0.04%, 1.98, 0.5,0,0,0,0,0,1,0,0
7,Daniel Hudson, 1 ,0,0,0,0,1,0,0.00,3,12,7,2,3,2,1,1,0,0,,0,0,0.048, 0.63, 0.02%, 0.49, 0.5,0,0,0,0,0,1,0,0
7,Brad Hand, 1 ,1,0,0,1,2,0,0.00,5,26,16,9,1,6,2,0,0,0,,0,0,0.038, 0.69, 0.02%, 0.54, 0.5,0,0,0,0,0,0,1,0
8,Stephen Strasburg, 4 ,8,8,7,5,3,3,6.30,25,88,50,26,2,22,3,14,7,0,14,,,-0.374, 0.65,-0.17%, 0.50, -4.9,1,0,2,0,1,0,0,0
8,Luis Avilan, 1 ,6,6,6,2,1,0,21.00,11,38,17,11,3,3,2,6,5,0,,3,3,-0.028, 0.09,-0.01%, 0.07, -6.7,0,0,0,0,0,0,0,0
8,Wander Suero, 1 ,0,0,0,0,0,0,2.08,3,10,7,5,0,2,2,1,0,0,,0,0,0.000, 0.00, 0.00%, 0.00, 0.5,0,0,0,0,0,0,0,0
8,Austin Voth, 1 ,1,0,0,0,1,0,0.00,4,13,8,5,1,2,3,0,0,0,,0,0,0.000, 0.00, 0.00%, 0.00, 0.5,0,0,0,0,0,0,0,0
8,Hernan Perez, 1 ,0,0,0,0,2,0,0.00,3,9,7,4,3,0,0,1,0,0,,0,0,0.000, 0.00, 0.00%, 0.00, 0.5,0,0,0,0,0,0,0,0
9,Joe Ross, 6 ,4,0,0,1,5,0,0.00,22,89,63,33,9,21,9,7,4,0,68,,,0.269, 0.83, 0.13%, 0.65, 2.8,1,0,0,1,0,0,0,0
9,Sam Clay, 0.2,0,0,0,1,1,0,6.23,4,15,9,5,2,2,1,0,0,0,,0,0,0.002, 0.34, 0.00%, 0.26, 0.1,0,1,0,0,0,0,0,0
9,Tanner Rainey, 0.1,0,0,0,1,0,0,10.80,2,10,6,4,0,2,0,1,0,0,,2,0,0.016, 0.99, 0.01%, 0.78, 0.4,0,0,0,0,0,0,0,0
9,Wander Suero, 1 ,0,0,0,0,1,0,1.69,3,12,9,3,3,3,0,2,1,0,,0,0,0.006, 0.08, 0.00%, 0.06, 0.5,0,0,0,0,0,0,0,0
9,Austin Voth, 1 ,0,0,0,0,1,0,0.00,3,11,8,2,2,4,0,2,1,0,,0,0,0.003, 0.04, 0.00%, 0.03, 0.5,0,0,0,0,0,0,0,0
10,Patrick Corbin, 2 ,6,10,9,4,1,3,21.32,19,63,35,22,4,9,4,8,2,0,3,,,-0.771, 1.28,-0.39%, 1.07, -9.0,1,2,0,0,1,0,0,0
10,Kyle Finnegan, 2 ,1,0,0,1,0,0,3.38,8,31,18,11,2,5,4,3,0,0,,0,0,0.017, 0.17, 0.01%, 0.14, 1.0,0,0,0,0,0,0,0,0
10,Luis Avilan, 2 ,0,0,0,1,0,0,12.60,9,39,17,9,2,6,3,4,2,0,,0,0,0.011, 0.08, 0.01%, 0.07, 1.0,0,1,0,0,0,0,0,0
10,Wander Suero, 1 ,0,0,0,0,1,0,1.42,3,14,8,3,2,3,1,1,0,0,,0,0,0.006, 0.07, 0.00%, 0.06, 0.5,0,0,0,0,0,0,0,0
10,Daniel Hudson, 1 ,1,1,1,1,1,1,3.00,5,17,10,6,3,1,1,2,1,0,,0,0,-0.014, 0.09,-0.01%, 0.08, -0.5,0,0,0,0,0,0,0,0
10,Brad Hand, 1 ,0,0,0,0,1,0,0.00,5,15,10,6,3,1,2,0,0,0,,0,0,0.001, 0.03, 0.00%, 0.03, 0.5,0,2,0,0,0,0,0,0
11,Max Scherzer, 7 ,2,0,0,2,10,0,2.37,25,106,68,29,18,21,2,11,2,0,81,,,0.438, 1.04, 0.21%, 0.82, 3.4,1,0,0,0,0,0,0,0
11,Daniel Hudson, 1 ,0,0,0,0,2,0,2.25,3,14,10,3,3,4,0,1,1,0,,0,0,0.105, 1.40, 0.05%, 1.11, 0.5,0,0,0,0,0,0,0,0
11,Brad Hand, 1 ,1,0,0,0,1,0,0.00,4,17,11,6,3,2,2,1,1,0,,0,0,0.135, 1.92, 0.06%, 1.52, 0.5,0,0,0,1,0,0,0,0
12,Erick Fedde, 5 ,4,1,1,1,9,1,5.56,21,95,60,32,9,19,4,7,2,0,63,,,0.142, 0.88, 0.07%, 0.72, 1.4,1,0,0,1,0,0,0,0
12,Sam Clay, 1 ,1,1,1,0,1,1,6.75,4,19,12,6,2,4,1,2,0,0,,0,0,-0.019, 0.58,-0.01%, 0.47, -0.5,0,0,0,0,0,1,0,0
12,Kyle Finnegan, 1 ,0,0,0,1,1,0,2.84,4,25,14,7,3,4,0,2,1,0,,0,0,0.069, 1.29, 0.03%, 1.06, 0.5,0,0,0,0,0,1,0,0
12,Tanner Rainey, 1 ,0,0,0,0,1,0,8.31,3,10,5,3,1,1,0,2,1,0,,0,0,0.041, 0.54, 0.02%, 0.45, 0.5,0,0,0,0,0,1,0,0
12,Wander Suero, 0 ,0,0,0,1,0,0,1.42,1,11,7,6,0,1,0,0,0,0,,0,0,-0.017, 0.33,-0.01%, 0.27, -0.4,0,0,0,0,0,0,0,0
12,Kyle McGowin, 1 ,0,0,0,0,1,0,0.00,4,14,10,6,2,2,1,2,0,0,,1,0,0.031, 0.92, 0.01%, 0.76, 0.9,0,0,0,0,0,0,0,0
13,Paolo Espino, 4.1,5,2,2,1,3,2,4.15,18,75,48,33,2,13,5,9,2,0,47,,,-0.019, 0.88,-0.01%, 0.79, 0.2,1,0,0,0,1,0,0,0
13,Sam Clay, 0.2,0,0,0,0,1,0,6.00,2,8,5,1,2,2,1,0,0,0,,0,0,0.028, 0.57, 0.01%, 0.52, 0.3,0,0,0,0,0,0,0,0
13,Austin Voth, 2 ,3,1,1,2,1,0,1.93,10,33,17,11,1,5,2,5,3,0,,0,0,-0.037, 1.10,-0.02%, 0.99, -0.0,0,0,0,0,0,0,0,0
13,Ryne Harper, 1 ,2,1,1,1,1,0,9.00,6,19,9,7,0,2,1,3,2,0,,0,0,-0.050, 0.46,-0.03%, 0.42, -0.5,0,0,0,0,0,0,0,0
13,Kyle McGowin, 1 ,1,1,1,3,1,0,2.08,7,32,19,15,1,3,2,1,0,0,,0,0,-0.032, 0.37,-0.02%, 0.34, -0.5,0,0,1,0,0,0,0,0
14,Joe Ross, 4.1,8,10,10,3,5,4,5.87,24,85,57,30,13,14,7,8,3,0,9,,,-0.393, 0.57,-0.19%, 0.46, -7.8,1,1,1,0,1,0,0,0
14,Kyle Finnegan, 0.2,1,1,1,0,2,1,3.86,3,18,12,4,3,5,0,1,1,0,,0,0,-0.005, 0.03,-0.00%, 0.02, -0.7,0,0,0,0,0,0,0,0
14,Ryne Harper, 2 ,0,0,0,0,1,0,3.00,6,25,17,9,4,4,3,2,0,0,,0,0,0.004, 0.02, 0.00%, 0.02, 1.0,0,0,0,0,0,0,0,0
14,Kyle McGowin, 1 ,2,1,1,0,0,0,3.38,6,22,12,7,0,5,4,1,0,0,,0,0,-0.003, 0.03,-0.00%, 0.03, -0.5,0,1,0,0,0,0,0,0
14,Hernan Perez, 1 ,1,0,0,0,0,0,0.00,4,7,4,4,0,0,1,3,1,0,,0,0,0.000, 0.01, 0.00%, 0.01, 0.5,0,0,0,0,0,0,0,0
15,Patrick Corbin, 6 ,4,0,0,0,5,0,10.95,21,76,52,32,8,12,7,9,4,0,69,,,0.352, 0.96, 0.16%, 0.74, 2.9,1,0,0,0,0,0,0,0
15,Tanner Rainey, 1 ,1,2,2,1,1,0,10.13,5,25,15,8,4,3,1,2,0,0,,0,0,-0.343, 1.87,-0.16%, 1.45, -1.5,0,0,0,0,0,0,0,1
15,Daniel Hudson, 1 ,0,0,0,0,1,0,1.80,3,15,10,5,4,1,0,2,1,0,,0,0,0.050, 0.67, 0.02%, 0.51, 0.5,0,0,0,1,0,0,0,0
15,Brad Hand, 1 ,1,0,0,0,0,0,0.00,4,15,10,4,0,6,0,4,1,0,,0,0,0.160, 3.23, 0.07%, 2.49, 0.5,0,0,0,0,0,0,1,0
16,Max Scherzer, 6 ,4,0,0,1,9,0,1.80,23,109,71,38,13,20,3,9,3,0,72,,,0.364, 1.17, 0.18%, 0.99, 2.9,1,1,0,1,0,0,0,0
16,Tanner Rainey, 1 ,1,0,0,0,3,0,8.53,4,13,10,3,3,4,0,1,1,0,,0,0,0.095, 1.51, 0.05%, 1.28, 0.5,0,0,0,0,0,1,0,0
16,Daniel Hudson, 1 ,1,0,0,2,1,0,1.50,6,31,15,9,3,3,2,1,0,0,,0,0,0.119, 3.03, 0.06%, 2.56, 0.5,0,0,0,0,0,1,0,0
16,Brad Hand, 1 ,0,0,0,1,0,0,0.00,3,15,7,2,2,3,1,1,0,0,,0,0,0.160, 2.95, 0.08%, 2.50, 0.5,0,0,0,0,0,0,1,0
17,Erick Fedde, 5 ,4,3,3,2,3,0,5.51,21,82,54,38,5,11,11,4,3,0,48,,,-0.097, 1.10,-0.06%, 1.13, -0.6,1,1,0,0,1,0,0,0
17,Kyle Finnegan, 1 ,2,0,0,0,1,0,3.38,5,21,16,8,4,4,2,2,0,0,,0,0,0.016, 0.33, 0.01%, 0.35, 0.5,0,0,0,0,0,0,0,0
17,Austin Voth, 1 ,3,1,1,1,2,0,3.18,7,22,15,6,3,6,0,4,1,0,,0,0,-0.022, 0.20,-0.01%, 0.20, -0.5,0,0,0,0,0,0,0,0
17,Kyle McGowin, 1 ,2,2,2,0,1,1,5.68,5,20,14,9,3,2,0,4,3,0,,0,0,-0.009, 0.04,-0.01%, 0.04, -1.5,0,0,0,0,0,0,0,0
18,Joe Ross, 6 ,5,1,1,1,4,1,4.64,24,91,59,33,14,12,7,11,1,0,61,,,0.157, 0.63, 0.09%, 0.62, 1.9,1,1,0,1,0,0,0,0
18,Kyle Finnegan, 1 ,0,0,0,0,1,0,3.00,3,14,8,4,3,1,1,1,0,0,,0,0,0.010, 0.13, 0.01%, 0.13, 0.5,0,0,0,0,0,0,0,0
18,Sam Clay, 1 ,1,0,0,1,1,0,5.14,5,20,11,7,0,4,1,2,1,0,,0,0,0.007, 0.20, 0.00%, 0.20, 0.5,0,0,0,0,0,0,0,0
18,Paolo Espino, 1 ,0,0,0,0,0,0,3.38,3,11,7,4,0,3,2,1,1,0,,0,0,0.003, 0.04, 0.00%, 0.04, 0.5,0,0,0,0,0,0,0,0
19,Patrick Corbin, 4 ,7,4,4,3,3,2,10.47,21,79,48,25,11,12,6,9,4,0,32,,,-0.199, 0.65,-0.12%, 0.67, -2.5,1,0,0,0,1,0,0,0
19,Austin Voth, 3 ,1,0,0,0,4,0,2.08,9,34,24,13,6,5,1,3,2,0,,1,0,0.034, 0.17, 0.02%, 0.17, 1.8,0,1,0,0,0,0,0,0
19,Tanner Rainey, 1 ,0,0,0,1,1,0,7.36,4,18,11,5,4,2,1,1,0,0,,0,0,0.003, 0.04, 0.00%, 0.04, 0.5,0,0,0,0,0,0,0,0
20,Max Scherzer, 5 ,8,7,5,2,5,2,3.00,24,86,54,31,11,12,6,11,5,0,30,,,-0.446, 0.94,-0.22%, 0.78, -4.3,1,0,0,0,1,0,0,0
20,Kyle McGowin, 1 ,0,0,0,1,0,0,4.91,3,14,7,4,1,2,1,1,0,0,,0,0,0.011, 0.25, 0.01%, 0.21, 0.5,0,0,0,0,0,0,0,0
20,Kyle Finnegan, 1 ,2,2,2,0,1,1,4.50,5,17,11,5,2,4,2,2,1,0,,0,0,-0.078, 0.37,-0.04%, 0.31, -1.5,0,0,0,0,0,0,0,0
20,Paolo Espino, 1 ,0,0,0,0,1,0,2.84,3,14,7,4,2,1,0,2,0,0,,0,0,0.003, 0.04, 0.00%, 0.03, 0.5,0,0,0,0,0,0,0,0
21,Erick Fedde, 6 ,2,1,1,3,7,1,4.43,23,98,59,31,9,19,6,7,3,0,68,,,0.187, 0.72, 0.09%, 0.59, 2.3,1,0,1,1,0,0,0,0
21,Sam Clay, 1 ,1,0,0,1,0,0,4.50,5,14,9,4,2,3,3,1,0,0,,0,0,0.007, 0.19, 0.00%, 0.16, 0.5,0,0,0,0,0,0,0,0
21,Daniel Hudson, 1 ,2,1,1,0,1,1,2.57,5,21,13,10,1,2,1,3,0,0,,0,0,0.003, 0.14, 0.00%, 0.11, -0.5,0,0,0,0,0,0,0,0
21,Brad Hand, 1 ,0,0,0,0,1,0,0.00,3,11,8,3,2,3,1,1,0,0,,0,0,0.004, 0.05, 0.00%, 0.04, 0.5,0,0,0,0,0,0,0,0
22,Jon Lester, 5 ,5,0,0,2,1,0,0.00,21,70,46,26,5,15,8,10,7,0,56,,,0.277, 1.10, 0.17%, 1.10, 2.4,1,0,2,0,0,0,0,0
22,Kyle Finnegan, 0.2,1,0,0,1,1,0,4.22,4,24,12,8,1,3,2,0,0,0,,0,0,-0.001, 1.62,-0.00%, 1.62, -0.0,0,0,0,0,0,0,0,0
22,Sam Clay, 0.1,0,0,0,0,0,0,4.32,1,2,2,2,0,0,1,0,0,0,,2,0,0.076, 2.74, 0.04%, 2.73, 0.5,0,0,0,0,0,0,0,0
22,Tanner Rainey, 1 ,0,0,0,0,0,0,6.48,3,11,5,3,1,1,1,2,0,0,,0,0,0.087, 1.15, 0.05%, 1.15, 0.5,0,0,0,0,0,0,0,0
22,Daniel Hudson, 1 ,0,0,0,0,1,0,2.25,3,13,9,4,3,2,0,2,0,0,,0,0,0.105, 1.40, 0.06%, 1.39, 0.5,0,0,0,0,0,0,0,0
22,Brad Hand, 2 ,1,1,0,2,1,0,0.00,8,19,13,9,0,4,2,3,1,0,,0,0,0.075, 3.96, 0.04%, 3.94, 0.6,0,0,1,1,0,0,0,0
23,Patrick Corbin, 7 ,4,2,2,4,4,1,8.10,27,93,62,40,4,18,11,8,4,0,61,,,0.218, 0.76, 0.14%, 0.81, 1.4,1,0,1,1,0,0,0,0
23,Kyle Finnegan, 1 ,0,0,0,1,1,0,3.86,4,16,9,5,0,4,2,0,0,0,,0,0,0.011, 0.24, 0.01%, 0.25, 0.5,0,0,0,0,0,0,0,0
23,Austin Voth, 1 ,0,0,0,1,3,0,1.86,4,20,13,6,3,4,0,0,0,0,,0,0,0.006, 0.17, 0.00%, 0.18, 0.5,0,0,0,0,0,0,0,0
24,Max Scherzer, 9 ,5,1,1,0,9,1,2.54,31,106,76,40,20,16,13,8,3,0,82,,,0.408, 0.84, 0.27%, 0.93, 3.4,1,1,0,1,0,0,0,0
25,Joe Ross, 5.1,5,2,2,2,3,1,4.39,22,86,54,29,12,13,5,12,5,0,51,,,0.099, 1.05, 0.07%, 1.27, 1.3,1,0,1,0,1,0,0,0
25,Tanner Rainey, 0.2,2,4,4,2,0,1,10.00,6,23,15,8,4,3,0,4,1,0,,1,1,-0.284, 1.31,-0.21%, 1.58, -4.3,0,0,1,0,0,0,0,0
25,Austin Voth, 1 ,0,0,0,0,0,0,1.69,3,12,9,8,1,0,2,1,1,0,,0,0,0.003, 0.04, 0.00%, 0.04, 0.5,0,0,0,0,0,0,0,0
25,Will Harris, 1 ,0,0,0,1,2,0,0.00,5,23,13,6,6,1,1,1,0,0,,0,0,0.004, 0.09, 0.00%, 0.11, 0.5,0,0,0,0,0,0,0,0
25,Paolo Espino, 1 ,0,0,0,0,0,0,2.45,3,6,5,3,1,1,1,2,1,0,,0,0,0.001, 0.02, 0.00%, 0.02, 0.5,0,0,0,0,0,0,0,0
26,Erick Fedde, 5 ,5,5,5,2,3,2,5.27,22,76,46,30,5,11,9,8,4,0,38,,,-0.261, 0.85,-0.18%, 0.97, -2.6,1,0,1,0,1,0,0,0
26,Kyle Finnegan, 1 ,0,0,0,0,3,0,3.55,3,9,9,3,2,4,0,0,0,0,,0,0,0.014, 0.19, 0.01%, 0.21, 0.5,0,0,0,0,0,0,0,0
26,Sam Clay, 1 ,0,0,0,0,0,0,3.86,3,11,8,5,2,1,3,0,0,0,,0,0,0.011, 0.15, 0.01%, 0.17, 0.5,0,0,0,0,0,0,0,0
26,Paolo Espino, 2 ,0,0,0,0,1,0,1.93,6,25,17,12,1,4,1,4,1,0,,0,0,0.024, 0.16, 0.02%, 0.18, 1.0,0,0,0,0,0,0,0,0
27,Jon Lester, 5 ,4,3,3,2,5,0,2.70,20,85,57,35,9,13,4,9,4,0,50,,,-0.128, 0.98,-0.08%, 1.04, -0.9,1,0,0,0,1,0,0,0
27,Austin Voth, 2 ,0,0,0,0,1,0,1.42,5,25,14,8,2,4,2,2,1,0,,1,0,0.095, 0.54, 0.06%, 0.57, 1.4,0,0,0,0,0,0,0,0
27,Daniel Hudson, 1 ,0,0,0,0,0,0,2.00,3,11,8,4,4,0,2,1,0,0,,0,0,0.027, 0.37, 0.02%, 0.39, 0.5,0,0,0,0,0,0,0,0
27,Brad Hand, 1 ,0,0,0,0,1,0,0.00,3,9,8,4,1,3,1,1,0,0,,0,0,0.037, 0.49, 0.02%, 0.52, 0.5,0,0,0,0,0,0,0,0
28,Patrick Corbin, 6 ,4,3,3,0,2,3,7.36,22,81,48,29,7,12,7,13,7,0,54,,,-0.003, 0.90,-0.00%, 0.75, 0.1,1,0,0,0,0,0,0,0
28,Kyle Finnegan, 1 ,0,0,0,1,1,0,3.29,4,22,11,3,2,6,1,1,0,0,,0,0,0.089, 1.81, 0.04%, 1.51, 0.5,0,0,0,1,0,0,0,0
28,Tanner Rainey, 1 ,0,0,0,1,3,0,9.00,4,20,12,4,4,4,0,0,0,0,,0,0,0.008, 0.23, 0.00%, 0.19, 0.5,0,0,0,0,0,0,0,0
28,Will Harris, 1 ,1,1,1,1,1,0,4.50,5,17,9,4,3,2,1,2,1,0,,0,0,0.001, 0.01, 0.00%, 0.01, -0.5,0,0,0,0,0,0,0,0
29,Max Scherzer, 7.1,2,1,1,1,14,1,2.33,25,109,69,27,19,23,3,7,1,0,83,,,0.357, 1.08, 0.18%, 0.92, 2.6,1,0,0,0,0,0,0,0
29,Daniel Hudson, 0.2,0,0,0,0,1,0,1.86,2,7,5,4,0,1,1,0,0,0,,1,0,0.150, 2.89, 0.08%, 2.46, 0.5,0,0,0,0,0,1,0,0
29,Brad Hand, 1 ,3,2,1,1,1,0,0.82,7,29,16,9,2,5,3,2,1,0,,0,0,-0.560, 4.87,-0.29%, 4.14, -1.2,0,0,0,0,0,0,0,1
29,Kyle Finnegan, 1 ,0,0,0,0,1,0,3.07,3,15,11,6,5,0,1,1,0,0,,1,0,0.214, 2.81, 0.11%, 2.39, 0.9,0,0,0,0,0,0,0,0
29,Tanner Rainey, 0 ,1,1,0,2,0,0,9.00,3,14,5,2,1,2,1,0,0,0,,0,0,-0.187, 2.76,-0.10%, 2.35, -2.2,0,0,0,0,1,0,0,0
30,Joe Ross, 5 ,3,2,2,5,7,1,4.26,23,97,53,27,10,16,5,6,3,0,55,,,0.005, 1.02, 0.00%, 0.86, 0.2,1,0,0,0,0,0,0,0
30,Sam Clay, 1 ,0,0,0,0,1,0,3.48,2,9,5,2,1,2,1,0,0,0,,1,0,0.050, 0.74, 0.03%, 0.62, 0.9,0,0,0,0,0,0,0,0
30,Austin Voth, 2 ,1,0,0,3,2,0,1.23,9,42,24,19,3,2,2,2,0,0,,0,0,0.198, 2.35, 0.10%, 1.97, 1.0,0,0,1,0,0,0,0,0
30,Brad Hand, 0.1,1,1,1,2,0,0,1.59,4,17,7,5,1,1,2,0,0,0,,0,0,-0.360, 3.46,-0.18%, 2.90, -1.4,0,0,0,0,1,0,0,0
31,Erick Fedde, 5 ,5,3,3,3,4,1,5.29,23,87,50,26,7,17,6,10,4,0,46,,,-0.108, 0.89,-0.06%, 0.80, -0.6,1,0,0,0,1,0,0,0
31,Sam Clay, 0.1,1,0,0,1,0,0,3.38,4,13,8,4,1,3,2,1,1,0,,0,0,-0.042, 0.65,-0.02%, 0.58, -1.1,0,0,0,0,0,0,0,0
31,Will Harris, 0.2,0,0,0,0,1,0,3.38,2,20,15,11,1,3,0,1,1,0,,3,0,0.066, 1.20, 0.03%, 1.08, 1.6,0,0,0,0,0,0,0,0
31,Tanner Rainey, 1 ,0,0,0,2,2,0,8.18,5,30,17,9,3,5,0,1,0,0,,0,0,0.054, 1.36, 0.03%, 1.22, 0.5,0,0,0,0,0,0,0,0
31,Kyle Finnegan, 0.1,3,3,3,2,0,0,4.80,6,23,14,7,1,6,2,2,1,0,,0,0,-0.220, 0.92,-0.12%, 0.83, -3.4,0,0,1,0,0,0,0,0
31,Paolo Espino, 1.2,0,0,0,0,1,0,1.64,5,17,13,7,2,4,2,2,0,0,,2,0,0.016, 0.13, 0.01%, 0.11, 1.4,0,0,0,0,0,0,0,0
32,Jon Lester, 6 ,6,1,1,3,4,0,2.25,25,97,58,38,9,11,7,11,4,0,57,,,0.188, 1.20, 0.09%, 0.99, 1.9,1,0,0,0,0,0,0,0
32,Sam Clay, 1 ,2,0,0,0,0,0,3.09,5,16,10,5,2,3,4,1,1,0,,0,0,0.095, 2.22, 0.05%, 1.83, 0.5,0,0,0,0,0,1,0,0
32,Daniel Hudson, 1 ,0,0,0,0,1,0,1.69,3,14,9,5,1,3,1,1,0,0,,0,0,0.119, 1.58, 0.06%, 1.30, 0.5,0,0,0,0,0,1,0,0
32,Brad Hand, 1 ,2,3,2,0,3,1,2.92,6,24,16,7,3,6,0,2,1,0,,0,0,-0.338, 2.38,-0.17%, 1.96, -1.2,0,1,0,0,1,0,0,1
32,Kyle Finnegan, 1 ,3,1,1,0,0,0,5.06,5,18,13,11,0,2,1,4,3,0,,2,2,-0.275, 1.79,-0.14%, 1.48, -1.2,0,0,0,0,0,0,0,0
33,Patrick Corbin, 7 ,5,1,1,0,9,0,6.19,26,102,70,37,18,15,11,6,4,0,72,,,0.193, 0.78, 0.08%, 0.57, 2.4,1,0,0,1,0,0,0,0
33,Tanner Rainey, 0.1,1,0,0,1,0,0,7.94,3,18,9,5,2,2,0,2,2,0,,0,0,-0.026, 1.04,-0.01%, 0.77, -0.4,0,0,0,0,0,0,0,0
33,Daniel Hudson, 0.2,0,0,0,0,1,0,1.59,2,11,7,3,2,2,1,0,0,0,,2,0,0.049, 1.02, 0.02%, 0.76, 0.9,0,0,0,0,0,1,0,0
33,Austin Voth, 1 ,0,0,0,0,1,0,1.15,3,11,9,6,1,2,2,0,0,0,,0,0,0.014, 0.18, 0.01%, 0.13, 0.5,0,0,0,0,0,0,0,0
34,Max Scherzer, 5 ,2,0,0,1,7,0,2.10,18,85,55,26,11,18,3,7,2,0,69,,,0.059, 0.24, 0.03%, 0.18, 2.5,1,0,0,1,0,0,0,0
34,Will Harris, 1 ,1,1,1,0,0,0,4.91,4,16,10,8,1,1,3,1,1,0,,0,0,0.000, 0.01, 0.00%, 0.01, -0.5,0,0,0,0,0,0,0,0
34,Wander Suero, 1 ,1,0,0,0,1,0,1.23,3,13,8,4,0,4,1,1,1,0,,0,0,0.000, 0.01, 0.00%, 0.01, 0.5,0,0,0,0,0,0,0,0
34,Paolo Espino, 2 ,2,1,1,0,1,0,2.08,8,19,13,7,2,4,1,6,2,0,,0,0,0.000, 0.00, 0.00%, 0.00, 0.0,0,0,0,0,0,0,0,0
35,Joe Ross, 4 ,8,8,8,3,5,1,5.80,24,86,55,29,6,20,8,7,3,0,16,,,-0.398, 0.91,-0.19%, 0.72, -5.0,1,1,1,0,1,0,0,0
35,Sam Clay, 1 ,1,0,0,0,1,0,2.84,4,12,9,6,3,0,2,1,1,0,,2,2,-0.021, 0.27,-0.01%, 0.21, -0.5,0,0,0,0,0,0,0,0
35,Wander Suero, 1 ,1,1,1,0,2,1,2.16,4,18,12,4,3,5,1,1,1,0,,0,0,-0.005, 0.04,-0.00%, 0.03, -0.5,0,0,0,0,0,0,0,0
35,Will Harris, 1 ,0,0,0,0,2,0,3.86,3,16,10,6,2,2,0,1,0,0,,0,0,0.002, 0.02, 0.00%, 0.02, 0.5,0,0,0,0,0,0,0,0
35,Austin Voth, 1 ,2,2,2,0,1,1,2.16,5,17,11,6,3,2,1,3,2,0,,0,0,-0.002, 0.00,-0.00%, 0.00, -1.5,0,0,0,0,0,0,0,0
36,Erick Fedde, 7 ,3,0,0,2,4,0,4.35,25,97,60,33,8,19,12,7,3,0,73,,,0.444, 1.06, 0.20%, 0.80, 3.5,1,0,0,1,0,0,0,0
36,Daniel Hudson, 1 ,1,0,0,0,2,0,1.46,4,14,10,4,2,4,0,2,1,0,,0,0,0.052, 0.69, 0.02%, 0.52, 0.5,0,0,0,0,0,1,0,0
36,Brad Hand, 1 ,0,0,0,0,2,0,2.70,3,14,9,5,2,2,0,1,0,0,,0,0,0.041, 0.53, 0.02%, 0.40, 0.5,0,0,0,0,0,0,1,0
37,Jon Lester, 5.1,8,5,5,0,4,3,3.80,22,76,53,26,13,14,6,12,5,0,36,,,-0.238, 0.79,-0.12%, 0.67, -2.2,1,0,0,0,1,0,0,0
37,Kyle Finnegan, 0.2,0,0,0,0,1,0,4.86,2,11,8,4,1,3,1,0,0,0,,0,0,0.017, 0.33, 0.01%, 0.28, 0.3,0,0,0,0,0,0,0,0
37,Sam Clay, 0.1,2,1,0,0,1,0,2.77,3,12,9,6,3,0,2,0,0,0,,0,0,-0.055, 0.55,-0.03%, 0.46, -1.0,0,0,0,0,0,0,0,0
37,Tanner Rainey, 0.2,0,0,0,0,2,0,7.50,2,9,8,2,4,2,0,0,0,0,,1,0,0.013, 0.28, 0.01%, 0.24, 0.5,0,0,0,0,0,0,0,0
37,Paolo Espino, 1 ,2,1,1,0,1,0,2.57,5,19,14,8,0,6,0,4,4,0,,0,0,-0.012, 0.19,-0.01%, 0.16, -0.5,0,0,0,0,0,0,0,0
38,Patrick Corbin, 5 ,8,3,3,2,4,0,6.10,22,87,54,31,12,11,12,4,4,0,41,,,-0.134, 1.13,-0.06%, 0.85, -0.4,1,0,0,0,0,0,0,0
38,Will Harris, 0.2,2,2,2,1,2,1,6.75,6,22,12,6,1,5,1,2,1,0,,0,0,-0.270, 1.05,-0.12%, 0.79, -2.0,0,0,0,0,1,0,0,0
38,Tanner Rainey, 0.1,0,0,0,0,0,0,7.30,1,6,3,1,0,2,0,1,0,0,,2,0,0.030, 1.07, 0.01%, 0.81, 0.5,0,0,0,0,0,0,0,0
38,Austin Voth, 1 ,1,0,0,0,0,0,2.04,3,16,9,7,0,2,3,0,0,0,,0,0,0.024, 0.38, 0.01%, 0.28, 0.5,0,0,0,0,0,0,0,0
38,Wander Suero, 1 ,2,1,1,0,2,1,2.89,5,20,16,7,2,7,1,2,0,0,,0,0,-0.027, 0.14,-0.01%, 0.10, -0.5,0,0,0,0,0,0,0,0
39,Max Scherzer, 5 ,5,2,2,4,8,0,2.24,23,100,66,35,17,14,2,9,5,0,53,,,0.081, 1.48, 0.03%, 1.06, 0.6,1,0,0,1,0,0,0,0
39,Kyle Finnegan, 1.1,1,0,0,0,0,0,4.50,5,21,11,6,1,4,4,1,1,0,,0,0,0.047, 1.12, 0.02%, 0.80, 0.3,0,0,0,0,0,1,0,0
39,Daniel Hudson, 1.2,0,0,0,1,2,0,1.29,6,24,16,9,3,4,0,3,0,0,,1,0,0.202, 1.78, 0.09%, 1.27, 1.2,0,0,0,0,0,1,0,0
39,Brad Hand, 1 ,2,1,1,0,3,1,3.14,5,25,17,8,2,7,0,2,1,0,,0,0,0.094, 2.70, 0.04%, 1.93, -0.5,0,0,0,0,0,0,1,0
40,Joe Ross, 3.2,5,4,2,1,3,1,5.72,19,78,52,34,7,11,4,10,6,0,41,,,-0.281, 1.02,-0.13%, 0.77, -2.4,1,1,0,0,1,0,0,0
40,Sam Clay, 0.1,1,0,0,0,0,0,2.70,2,8,5,3,2,0,1,1,1,0,,2,0,0.030, 1.52, 0.01%, 1.15, 0.4,0,0,0,0,0,0,0,0
40,Austin Voth, 2 ,3,1,1,0,2,1,2.29,9,27,20,11,8,1,4,3,2,0,,0,0,-0.033, 0.45,-0.01%, 0.34, 0.0,0,0,0,0,0,0,0,0
40,Kyle McGowin, 1.1,1,0,0,1,1,0,4.15,6,22,13,8,2,3,1,3,0,0,,0,0,0.013, 0.15, 0.01%, 0.11, 0.5,0,0,0,0,0,0,0,0
40,Will Harris, 0.2,0,0,0,0,1,0,6.00,2,7,5,3,1,1,0,1,1,0,,1,0,0.007, 0.13, 0.00%, 0.10, 0.5,0,0,0,0,0,0,0,0
41,Stephen Strasburg, 5.1,1,0,0,4,4,0,4.11,20,72,39,17,9,13,8,4,1,0,66,,,0.273, 1.06, 0.11%, 0.73, 2.4,1,0,0,1,0,0,0,0
41,Kyle Finnegan, 0.2,1,0,0,0,1,0,4.34,2,12,8,6,1,1,0,1,1,0,,1,0,0.069, 1.52, 0.03%, 1.04, 0.5,0,0,0,0,0,1,0,0
41,Wander Suero, 1 ,0,0,0,0,1,0,2.61,3,9,6,3,0,3,1,1,0,0,,0,0,0.045, 0.60, 0.02%, 0.41, 0.5,0,0,0,0,0,1,0,0
41,Daniel Hudson, 1 ,0,0,0,0,1,0,1.20,3,9,6,4,1,1,1,1,0,0,,0,0,0.041, 0.54, 0.02%, 0.37, 0.5,0,0,0,0,0,1,0,0
41,Brad Hand, 1 ,2,2,2,0,0,1,4.11,5,21,12,7,0,5,2,3,1,0,,0,0,0.014, 0.28, 0.01%, 0.19, -1.5,0,0,0,0,0,0,0,0
42,Jon Lester, 4 ,5,6,6,3,4,1,5.33,19,79,50,31,9,10,3,9,4,0,29,,,-0.335, 0.87,-0.15%, 0.66, -4.0,1,0,0,0,0,0,0,0
42,Austin Voth, 2 ,2,1,1,1,3,1,2.49,9,41,25,13,5,7,3,2,1,0,,0,0,0.039, 0.93, 0.02%, 0.70, -0.0,0,0,0,0,0,0,0,0
42,Kyle Finnegan, 1 ,1,0,0,0,1,0,4.12,4,11,6,5,0,1,1,2,1,0,,0,0,0.016, 0.21, 0.01%, 0.16, 0.5,0,0,0,0,0,0,0,0
42,Will Harris, 0 ,3,2,2,0,0,0,9.00,3,14,10,8,1,1,0,3,2,0,,0,0,-0.105, 0.59,-0.05%, 0.44, -2.6,0,0,0,0,0,0,0,0
42,Daniel Hudson, 1 ,1,0,0,0,2,0,1.13,4,12,11,7,3,1,1,1,0,0,,1,0,0.095, 1.61, 0.04%, 1.23, 1.1,0,0,0,1,0,0,0,0
42,Brad Hand, 1 ,0,0,0,0,1,0,3.86,3,12,9,4,0,5,2,0,0,0,,0,0,0.032, 0.42, 0.01%, 0.32, 0.5,0,0,0,0,0,0,1,0
43,Patrick Corbin, 5.2,11,4,4,2,3,0,6.13,27,95,62,35,12,15,12,10,6,0,32,,,-0.089, 1.28,-0.04%, 0.98, -1.3,1,0,0,1,0,0,0,0
43,Wander Suero, 1.1,1,1,1,0,1,0,3.09,5,17,13,9,4,0,1,3,0,0,,1,0,0.001, 1.42, 0.00%, 1.09, -0.3,0,0,0,0,0,1,0,0
43,Daniel Hudson, 1 ,0,0,0,0,2,0,1.06,3,14,10,6,1,3,0,1,0,0,,0,0,0.119, 1.58, 0.06%, 1.21, 0.5,0,0,0,0,0,1,0,0
43,Brad Hand, 1 ,1,0,0,1,1,0,3.63,5,8,7,3,2,2,1,2,1,0,,0,0,0.160, 4.18, 0.07%, 3.21, 0.5,0,0,1,0,0,0,1,0
44,Max Scherzer, 7 ,5,2,2,1,9,2,2.27,26,107,67,37,20,10,4,11,3,0,67,,,0.080, 0.83, 0.04%, 0.72, 1.4,1,1,0,0,1,0,0,0
44,Wander Suero, 1 ,0,0,0,0,2,0,2.84,3,12,8,3,3,2,1,0,0,0,,0,0,0.027, 0.37, 0.01%, 0.32, 0.5,0,0,0,0,0,0,0,0
44,Sam Clay, 1 ,1,0,0,1,1,0,2.51,4,24,13,8,1,4,2,0,0,0,,0,0,0.017, 0.43, 0.01%, 0.38, 0.5,0,0,0,0,0,0,0,0
45,Joe Ross, 4 ,3,0,0,1,4,0,5.19,16,55,38,19,7,12,8,3,2,0,59,,,0.192, 0.97, 0.09%, 0.75, 2.0,1,0,0,0,0,0,0,0
45,Austin Voth, 2 ,2,0,0,0,1,0,2.28,7,36,23,16,2,5,3,3,1,0,,0,0,0.092, 0.63, 0.04%, 0.49, 1.0,0,0,0,1,0,0,0,0
45,Kyle Finnegan, 1 ,0,0,0,1,0,0,3.92,4,24,14,10,3,1,1,2,0,0,,0,0,0.016, 0.23, 0.01%, 0.18, 0.5,0,0,0,0,0,0,0,0
45,Tanner Rainey, 0 ,3,3,3,0,0,0,9.49,3,11,5,3,0,2,0,3,3,0,,0,0,-0.085, 0.59,-0.04%, 0.46, -2.0,0,0,0,0,0,0,0,0
45,Daniel Hudson, 1 ,2,0,0,0,2,0,1.00,5,23,17,13,3,1,0,3,1,0,,2,2,0.043, 2.79, 0.02%, 2.17, -0.5,0,0,0,0,0,1,0,0
45,Brad Hand, 1 ,1,0,0,0,0,0,3.44,4,14,8,4,0,4,4,0,0,0,,0,0,0.072, 1.01, 0.03%, 0.79, 0.5,0,0,0,0,0,0,1,0
46,Stephen Strasburg, 5 ,5,3,3,1,5,1,4.43,22,87,49,24,11,14,5,10,5,0,49,,,-0.094, 0.97,-0.05%, 0.84, -0.6,1,1,0,0,1,0,0,0
46,Wander Suero, 1 ,1,0,0,0,1,0,2.63,4,14,9,5,2,2,2,1,0,0,,0,0,0.014, 0.19, 0.01%, 0.17, 0.5,0,0,0,0,0,0,0,0
46,Kyle McGowin, 1 ,0,0,0,0,0,0,3.72,4,12,10,5,2,3,1,3,1,0,,0,0,0.008, 0.15, 0.00%, 0.13, 0.5,0,0,0,0,0,0,0,0
47,Patrick Corbin, 5 ,4,4,4,2,5,1,6.23,20,78,47,26,9,12,6,7,3,0,46,,,-0.235, 0.54,-0.11%, 0.41, -1.6,1,0,0,0,1,0,0,0
47,Kyle McGowin, 2 ,0,0,0,0,2,0,3.09,6,23,14,6,1,7,1,3,2,0,,0,0,0.022, 0.14, 0.01%, 0.11, 1.0,0,0,0,0,0,0,0,0
48,Jon Lester, 4 ,5,1,1,0,4,0,4.91,17,74,50,30,11,9,5,8,3,0,52,,,0.089, 1.32, 0.04%, 0.92, 1.0,1,0,0,0,0,0,0,0
48,Wander Suero, 0.1,3,1,1,0,0,0,3.21,3,8,5,4,0,1,1,2,2,0,,0,0,-0.202, 2.05,-0.08%, 1.42, -1.0,0,0,0,0,0,0,0,1
48,Daniel Hudson, 1.1,1,3,3,2,1,0,2.33,6,23,12,7,3,2,1,2,0,0,,1,0,-0.272, 2.03,-0.11%, 1.41, -1.3,0,0,0,0,1,0,0,0
48,Sam Clay, 0.1,2,1,1,1,1,0,3.07,4,15,8,3,0,5,0,2,2,0,,1,1,-0.098, 0.60,-0.04%, 0.41, -1.7,0,0,0,0,0,0,0,0
48,Paolo Espino, 1 ,1,0,0,1,1,0,2.40,5,20,13,9,3,1,2,1,1,0,,0,0,0.003, 0.08, 0.00%, 0.06, 0.5,0,0,0,0,0,0,0,0
49,Max Scherzer, 6 ,2,2,2,1,10,1,2.34,21,89,63,33,17,13,4,6,1,0,69,,,0.033, 0.59, 0.01%, 0.36, 0.9,1,0,0,0,1,0,0,0
49,Kyle Finnegan, 1 ,0,0,0,3,1,0,3.74,6,29,14,9,1,4,1,1,0,0,,0,0,0.033, 0.89, 0.01%, 0.54, 0.5,0,0,0,0,0,0,0,0
49,Wander Suero, 1 ,0,0,0,0,1,0,3.00,3,18,12,7,1,4,1,1,1,0,,0,0,0.027, 0.37, 0.01%, 0.22, 0.5,0,0,0,0,0,0,0,0
49,Austin Voth, 1 ,2,1,1,0,0,1,2.55,5,22,13,9,1,3,3,2,0,0,,0,0,-0.032, 0.15,-0.01%, 0.09, -0.5,0,0,0,0,0,0,0,0
50,Joe Ross, 5 ,3,4,4,3,7,1,5.40,21,87,56,19,22,15,4,7,1,0,49,,,-0.137, 0.91,-0.06%, 0.60, -1.3,1,0,0,0,1,0,0,0
50,Kyle Finnegan, 1 ,3,1,1,1,2,0,3.97,7,33,23,16,4,3,3,1,0,0,,0,0,-0.072, 1.11,-0.03%, 0.74, -0.5,0,0,0,0,0,0,0,0
50,Sam Clay, 1 ,0,0,0,0,0,0,2.87,3,12,8,5,2,1,2,1,1,0,,0,0,0.027, 0.34, 0.01%, 0.23, 0.5,0,0,0,0,0,0,0,0
50,Tanner Rainey, 1 ,0,0,0,1,2,0,8.78,4,19,10,2,7,1,0,1,0,0,,0,0,0.016, 0.27, 0.01%, 0.18, 0.5,0,0,0,0,0,0,0,0
51,Stephen Strasburg, 1.1,1,1,1,2,1,0,4.57,7,30,14,7,2,5,2,2,2,0,47,,,-0.065, 1.21,-0.02%, 0.70, -0.6,1,0,0,0,0,0,0,0
51,Austin Voth, 3 ,1,2,2,1,3,1,2.93,12,50,32,20,6,6,4,4,2,0,,1,0,0.072, 0.88, 0.03%, 0.51, 0.1,0,0,0,1,0,0,0,0
51,Sam Clay, 0.1,2,1,1,0,0,0,3.38,3,6,4,4,0,0,1,2,2,0,,0,0,-0.026, 0.67,-0.01%, 0.39, -0.2,0,0,0,0,0,1,0,0
51,Wander Suero, 1.1,1,0,0,0,2,0,2.76,5,25,16,8,4,4,1,2,2,0,,2,1,0.050, 1.48, 0.02%, 0.86, 0.1,0,0,0,0,0,1,0,0
51,Daniel Hudson, 1 ,2,1,1,0,2,0,2.66,6,17,11,5,5,1,2,2,1,0,,0,0,0.004, 0.70, 0.00%, 0.40, -0.5,0,0,0,0,0,0,0,0
51,Paolo Espino, 1 ,0,0,0,0,1,0,2.25,3,18,12,7,1,4,1,1,0,0,,0,0,0.009, 0.11, 0.00%, 0.06, 0.5,0,0,0,0,0,0,0,0
51,Brad Hand, 1 ,1,1,1,1,0,0,3.72,5,24,14,9,0,5,1,3,1,0,,0,0,0.004, 0.21, 0.00%, 0.12, -0.5,0,0,0,0,0,0,0,0
52,Jon Lester, 5.2,5,1,1,2,3,1,4.37,24,87,53,37,6,10,10,9,4,0,56,,,0.229, 1.16, 0.09%, 0.78, 2.0,1,0,0,0,0,0,0,0
52,Tanner Rainey, 1 ,1,2,2,1,3,0,9.42,5,25,16,8,6,2,0,1,1,0,,1,0,0.046, 1.81, 0.02%, 1.21, 0.3,0,0,0,0,0,1,0,0
52,Daniel Hudson, 1.1,1,0,0,0,3,0,2.49,5,20,14,4,5,5,1,1,0,0,,2,2,-0.131, 2.16,-0.05%, 1.44, -1.0,0,0,0,1,0,0,0,1
52,Brad Hand, 1 ,0,0,0,0,1,0,3.54,3,13,6,2,0,4,1,1,1,0,,0,0,0.101, 1.29, 0.04%, 0.86, 0.5,0,0,0,0,0,0,1,0
53,Patrick Corbin, 5.1,6,4,4,2,4,1,6.28,24,79,50,37,6,7,10,8,4,0,42,,,-0.080, 0.96,-0.04%, 0.75, -1.3,1,0,0,0,1,0,0,0
53,Kyle McGowin, 0.2,0,0,0,0,1,0,2.92,2,7,5,3,1,1,0,1,0,0,,1,0,0.012, 0.23, 0.01%, 0.18, 0.6,0,0,0,0,0,0,0,0
53,Sam Clay, 1 ,1,1,1,1,2,0,3.71,5,21,13,7,3,3,0,2,0,0,,0,0,-0.012, 0.15,-0.01%, 0.12, -0.5,0,0,0,0,0,0,0,0
53,Paolo Espino, 1 ,0,0,0,0,2,0,2.12,3,14,11,6,3,2,1,0,0,0,,0,0,0.002, 0.02, 0.00%, 0.02, 0.5,0,0,0,0,0,0,0,0
54,Max Scherzer, 7.2,5,1,1,1,9,0,2.22,28,108,70,35,20,15,8,9,2,0,73,,,0.445, 1.40, 0.19%, 0.99, 2.8,1,1,0,1,0,0,0,0
54,Daniel Hudson, 1 ,1,0,0,0,2,0,2.38,3,16,10,6,2,2,0,1,0,0,,0,0,0.184, 2.91, 0.08%, 2.06, 0.5,0,0,0,0,0,1,0,0
54,Brad Hand, 0.1,0,0,0,0,0,0,3.48,1,4,3,2,0,1,0,1,0,0,,0,0,0.046, 1.79, 0.02%, 1.26, 0.1,0,0,0,0,0,0,1,0
55,Joe Ross, 6 ,3,4,0,2,4,1,4.80,24,92,58,40,2,16,7,10,2,0,60,,,-0.225, 0.83,-0.11%, 0.67, -1.0,1,1,0,0,1,0,0,0
55,Kyle McGowin, 1 ,0,0,0,0,1,0,2.70,3,13,9,5,2,2,0,2,1,0,,0,0,0.012, 0.16, 0.01%, 0.13, 0.5,0,0,0,0,0,0,0,0
55,Sam Clay, 0 ,3,1,1,0,0,0,4.24,3,10,7,5,0,2,1,2,2,0,,0,0,-0.047, 0.29,-0.02%, 0.23, -2.3,0,0,0,0,0,0,0,0
55,Kyle Finnegan, 1 ,0,0,0,0,2,0,3.80,3,10,8,3,2,3,0,1,0,0,,2,0,0.021, 0.24, 0.01%, 0.20, 1.8,0,0,0,0,0,0,0,0
56,Austin Voth, 2 ,0,0,0,0,2,0,2.73,6,24,16,7,3,6,1,3,0,0,58,,,0.098, 0.65, 0.04%, 0.46, 1.0,1,1,0,0,0,0,0,0
56,Wander Suero, 1 ,0,0,0,0,0,0,2.60,3,14,11,8,2,1,1,2,0,0,,0,0,0.059, 0.78, 0.03%, 0.55, 0.5,0,0,0,0,0,0,0,0
56,Sam Clay, 0.1,1,2,2,1,0,0,5.19,3,8,3,2,0,1,2,0,0,0,,0,0,-0.046, 0.97,-0.02%, 0.68, -0.4,0,0,0,0,0,1,0,0
56,Kyle Finnegan, 0.1,2,5,0,2,1,0,3.75,7,29,18,11,4,3,2,2,0,0,,2,2,-0.654, 2.74,-0.28%, 1.92, -6.3,0,0,0,0,1,0,0,1
56,Paolo Espino, 1.1,2,2,2,1,0,1,2.95,7,27,18,10,0,8,3,3,0,0,,1,0,-0.034, 0.22,-0.01%, 0.15, -1.3,0,0,0,0,0,0,0,0
56,Tanner Rainey, 1 ,2,3,3,0,1,1,10.57,6,22,12,5,2,5,0,4,1,0,,0,0,-0.070, 0.20,-0.03%, 0.14, -2.5,0,1,0,0,0,0,0,0
56,Kyle McGowin, 2 ,2,0,0,0,5,0,2.35,8,30,25,11,9,5,2,1,1,0,,0,0,0.002, 0.01, 0.00%, 0.01, 1.0,0,0,0,0,0,0,0,0
57,Jon Lester, 3.2,4,1,1,4,2,1,4.19,19,91,52,26,11,15,6,7,1,0,47,,,0.007, 0.98, 0.00%, 0.52, 0.2,1,0,0,0,0,0,0,0
57,Wander Suero, 0.1,1,2,2,2,0,0,3.57,4,27,15,9,2,4,0,2,0,0,,3,0,-0.189, 2.22,-0.06%, 1.17, -1.7,0,0,0,0,1,0,0,0
57,Sam Clay, 0.2,1,0,0,1,2,0,5.00,4,18,10,5,3,2,0,1,1,0,,2,1,0.008, 1.34, 0.00%, 0.70, 0.2,0,0,0,0,0,0,0,0
57,Ryne Harper, 1.1,0,0,0,1,1,0,2.08,4,16,11,6,1,4,1,1,0,0,,3,0,0.071, 0.91, 0.02%, 0.48, 1.2,0,0,0,0,0,0,0,0
57,Tanner Rainey, 1 ,0,0,0,0,1,0,9.92,4,12,9,3,4,2,0,2,0,0,,0,0,0.022, 0.44, 0.01%, 0.23, 0.5,0,1,0,0,0,0,0,0
57,Paolo Espino, 1 ,1,0,0,0,2,0,2.79,4,18,13,6,3,4,1,1,1,0,,0,0,0.013, 0.17, 0.00%, 0.09, 0.5,0,0,0,0,0,0,0,0
58,Patrick Corbin, 5 ,3,3,3,4,3,0,6.21,22,93,50,33,2,15,5,10,5,0,48,,,-0.046, 1.29,-0.01%, 0.62, -0.6,1,0,0,0,0,0,0,0
58,Kyle Finnegan, 1.1,1,1,1,0,2,1,3.91,5,21,13,4,6,3,0,3,0,0,,0,0,-0.025, 1.26,-0.01%, 0.61, -0.3,0,0,0,0,0,1,0,0
58,Daniel Hudson, 1.2,2,1,1,0,3,1,2.59,7,31,21,15,4,2,0,4,2,0,,0,0,-0.147, 1.54,-0.04%, 0.75, -0.3,0,0,0,0,0,0,0,1
58,Brad Hand, 2 ,2,2,1,2,3,0,3.57,10,44,23,13,3,7,2,3,2,0,,0,0,-0.176, 2.95,-0.05%, 1.42, -0.4,0,0,1,1,0,0,0,0
58,Tanner Rainey, 1 ,0,0,0,1,2,0,9.35,4,20,11,7,3,1,1,0,0,0,,0,0,0.191, 4.44, 0.06%, 2.15, 1.1,0,0,0,0,0,0,1,0
59,Max Scherzer, 0.1,0,0,0,0,0,0,2.21,1,6,3,3,0,0,0,1,0,0,51,,,0.022, 0.87, 0.01%, 0.46, 0.2,1,0,0,0,0,0,0,0
59,Paolo Espino, 3.1,3,1,1,0,5,1,2.78,13,56,38,23,2,13,2,6,0,0,,0,0,0.029, 0.74, 0.01%, 0.39, 0.5,0,0,0,0,1,0,0,0
59,Kyle McGowin, 1.1,1,0,0,0,2,0,2.16,5,20,14,7,3,4,1,2,0,0,,1,0,0.076, 1.07, 0.02%, 0.56, 0.7,0,0,0,0,0,0,0,0
59,Wander Suero, 1 ,0,0,0,0,0,0,3.38,3,12,8,7,0,1,2,1,0,0,,0,0,0.054, 0.71, 0.02%, 0.37, 0.5,0,0,0,0,0,0,0,0
59,Ryne Harper, 2 ,0,0,0,0,2,0,1.42,6,24,17,10,3,4,2,2,1,0,,0,0,0.105, 0.69, 0.03%, 0.36, 1.0,0,0,0,0,0,0,0,0
59,Sam Clay, 1 ,0,0,0,0,1,0,4.74,3,12,8,6,1,1,2,0,0,0,,0,0,0.037, 0.49, 0.01%, 0.26, 0.5,0,0,0,0,0,0,0,0
60,Erick Fedde, 5 ,4,0,0,0,7,0,3.86,18,82,51,32,12,7,7,4,2,0,66,,,0.334, 1.30, 0.09%, 0.57, 2.4,1,0,0,1,0,0,0,0
60,Kyle Finnegan, 1 ,1,0,0,0,1,0,3.76,4,16,11,7,1,3,0,3,1,0,,0,0,0.073, 1.02, 0.02%, 0.45, 0.5,0,0,0,0,0,1,0,0
60,Brad Hand, 1 ,0,0,0,0,2,0,3.42,3,10,7,4,2,1,0,1,1,0,,0,0,0.072, 0.95, 0.02%, 0.42, 0.5,0,0,0,0,0,0,1,0
61,Jefry Rodriguez, 4 ,1,0,0,3,2,0,0.00,15,60,32,19,6,7,3,7,2,0,59,,,0.254, 1.27, 0.07%, 0.62, 2.0,1,0,0,0,0,0,0,0
61,Kyle McGowin, 1 ,0,0,0,0,2,0,2.04,3,14,9,4,3,2,0,1,0,0,,0,0,0.087, 1.15, 0.03%, 0.57, 0.5,0,0,0,0,0,0,0,0
61,Tanner Rainey, 1 ,0,0,0,1,0,0,8.84,5,23,12,7,2,3,1,2,0,0,,0,0,0.105, 2.59, 0.03%, 1.27, 0.5,0,1,0,0,0,0,0,0
61,Brad Hand, 1 ,0,0,0,1,0,0,3.28,4,17,10,7,0,3,3,0,0,0,,0,0,0.135, 2.77, 0.04%, 1.36, 0.5,0,0,0,0,0,0,0,0
61,Kyle Finnegan, 0.1,2,2,1,1,0,0,4.05,5,26,17,13,1,3,2,2,2,0,,0,0,-0.383, 2.55,-0.11%, 1.25, -2.5,0,0,0,0,1,0,0,0
61,Ryne Harper, 0.2,0,0,0,0,0,0,1.29,2,3,3,2,0,1,1,1,0,0,,3,0,0.078, 1.50, 0.02%, 0.73, 1.6,0,0,0,0,0,0,0,0
62,Joe Ross, 8 ,5,0,0,0,9,0,4.19,29,108,72,39,11,22,8,12,4,0,81,,,0.247, 0.48, 0.06%, 0.19, 3.9,1,0,0,1,0,0,0,0
62,Sam Clay, 1 ,0,0,0,0,1,0,4.50,3,10,7,3,1,3,1,1,1,0,,0,0,0.006, 0.08, 0.00%, 0.03, 0.5,0,0,0,0,0,0,0,0
63,Jon Lester, 5.1,6,2,2,1,2,1,4.09,23,86,54,40,6,8,12,8,5,0,49,,,0.133, 1.04, 0.03%, 0.43, 1.3,1,0,0,0,0,0,0,0
63,Wander Suero, 0.2,1,0,0,0,0,0,3.26,3,8,8,5,1,2,0,3,1,0,,1,1,-0.060, 2.12,-0.01%, 0.88, -0.3,0,0,0,0,0,0,0,1
63,Kyle Finnegan, 1 ,0,0,0,1,2,0,3.90,4,18,11,5,3,3,0,1,0,0,,0,0,0.087, 1.55, 0.02%, 0.64, 0.5,0,0,0,1,0,0,0,0
63,Tanner Rainey, 1 ,0,0,0,1,0,0,8.38,3,13,8,3,3,2,1,1,0,0,,0,0,0.119, 2.20, 0.03%, 0.91, 0.5,0,0,0,0,0,1,0,0
63,Brad Hand, 1 ,0,0,0,0,1,0,3.16,3,11,7,2,2,3,1,1,0,0,,0,0,0.160, 2.11, 0.04%, 0.88, 0.5,0,0,0,0,0,0,1,0
64,Patrick Corbin, 8.1,8,1,1,1,7,0,5.60,34,110,76,38,13,25,13,13,7,0,69,,,0.161, 0.34, 0.05%, 0.18, 2.5,1,0,0,1,0,0,0,0
64,Justin Miller, 0.2,0,0,0,0,1,0,0.00,2,6,5,2,1,2,0,1,1,0,,2,0,0.002, 0.04, 0.00%, 0.02, 0.9,0,0,0,0,0,0,0,0
65,Paolo Espino, 5 ,3,0,0,0,2,0,2.28,18,53,39,25,5,9,8,8,6,0,63,,,0.285, 1.09, 0.10%, 0.63, 2.4,1,0,0,1,0,0,0,0
65,Tanner Rainey, 1 ,0,0,0,1,0,0,7.97,4,22,14,9,3,2,0,3,0,0,,0,0,0.079, 1.44, 0.03%, 0.83, 0.5,0,0,0,0,0,1,0,0
65,Sam Clay, 0.2,1,0,0,0,0,0,4.35,3,17,12,9,1,2,2,1,1,0,,0,0,0.050, 1.76, 0.02%, 1.02, 0.3,0,0,0,0,0,1,0,0
65,Kyle Finnegan, 0.2,3,1,1,0,1,0,4.13,5,9,9,6,1,2,1,3,3,0,,1,0,-0.027, 1.49,-0.01%, 0.86, -0.8,0,0,0,0,0,1,0,0
65,Brad Hand, 1.2,2,0,0,0,1,0,2.96,7,22,16,9,2,5,2,4,2,0,,1,0,0.153, 1.43, 0.05%, 0.83, 1.0,0,0,0,0,0,0,1,0
66,Erick Fedde, 7 ,2,0,0,4,6,0,3.33,25,100,61,30,10,21,10,5,2,0,75,,,0.437, 1.23, 0.21%, 1.01, 3.4,1,0,1,0,0,0,0,0
66,Kyle Finnegan, 1 ,0,0,0,0,1,0,3.99,3,11,7,4,1,2,1,1,0,0,,0,0,0.105, 1.40, 0.05%, 1.14, 0.5,0,0,0,0,0,0,0,0
66,Brad Hand, 1 ,0,0,0,0,1,0,2.86,3,6,5,2,1,2,0,2,1,0,,0,0,0.134, 1.79, 0.07%, 1.46, 0.5,0,0,0,1,0,0,0,0
67,Joe Ross, 5 ,6,5,5,0,5,2,4.54,23,67,50,32,12,6,9,8,2,0,40,,,-0.243, 0.55,-0.14%, 0.53, -2.6,1,1,0,0,1,0,0,0
67,Austin Voth, 1 ,1,0,0,0,1,0,2.64,3,12,8,6,1,1,1,1,0,0,,0,0,0.007, 0.20, 0.00%, 0.19, 0.5,0,0,0,0,0,0,0,0
67,Ryne Harper, 1 ,0,0,0,0,0,0,1.13,3,5,5,4,0,1,2,1,1,0,,0,0,0.003, 0.04, 0.00%, 0.04, 0.5,0,0,0,0,0,0,0,0
68,Jon Lester, 6 ,7,2,2,0,6,1,3.96,25,100,62,43,11,8,9,10,3,0,56,,,0.252, 0.83, 0.12%, 0.67, 0.9,1,0,0,1,0,0,0,0
68,Wander Suero, 0.2,1,0,0,1,1,0,3.15,4,13,8,4,3,1,1,1,1,0,,0,0,0.003, 0.42, 0.00%, 0.34, -0.0,0,0,0,0,0,0,0,0
68,Brad Hand, 0.1,0,0,0,0,0,0,2.83,1,1,1,1,0,0,1,0,0,0,,2,0,0.011, 0.40, 0.01%, 0.32, 0.5,0,0,0,0,0,0,1,0
69,Patrick Corbin, 6 ,4,2,2,1,7,2,5.40,23,85,53,28,10,15,6,9,2,0,62,,,0.046, 0.85, 0.03%, 0.77, 0.6,1,0,0,1,0,0,0,0
69,Kyle Finnegan, 1 ,0,0,0,0,1,0,3.86,2,5,4,1,0,3,1,0,0,0,,1,0,0.166, 1.82, 0.09%, 1.66, 0.9,0,0,0,0,0,1,0,0
69,Tanner Rainey, 1 ,0,0,0,0,2,0,7.59,3,21,15,8,5,2,1,0,0,0,,0,0,0.041, 0.54, 0.02%, 0.49, 0.5,0,0,0,0,0,1,0,0
69,Brad Hand, 1 ,0,0,0,0,1,0,2.73,3,12,7,5,1,1,1,1,0,0,,0,0,0.032, 0.42, 0.02%, 0.38, 0.5,0,0,0,0,0,0,1,0
70,Max Scherzer, 5 ,2,1,1,3,8,1,2.19,21,106,70,34,17,19,3,7,2,0,64,,,0.182, 1.31, 0.10%, 1.21, 1.5,1,0,0,1,0,0,0,0
70,Austin Voth, 2 ,0,0,0,1,2,0,2.48,6,23,16,8,4,4,3,0,0,0,,0,0,0.154, 1.28, 0.08%, 1.18, 1.0,0,0,0,0,0,1,0,0
70,Tanner Rainey, 0.2,1,1,1,0,2,1,7.77,3,20,15,10,4,1,0,1,0,0,,0,0,-0.033, 1.56,-0.02%, 1.44, -0.6,0,0,0,0,0,1,0,0
70,Brad Hand, 1.1,3,0,0,0,1,0,2.61,8,34,21,11,3,7,2,4,2,0,,0,0,0.230, 5.41, 0.13%, 4.98, 0.6,0,1,0,0,0,0,1,0
71,Erick Fedde, 4 ,6,5,5,3,1,2,3.90,21,74,45,31,7,7,8,9,3,0,28,,,-0.264, 0.54,-0.17%, 0.57, -3.0,1,0,0,0,0,0,0,0
71,Kyle McGowin, 0.2,3,4,4,1,1,1,3.93,7,28,15,9,3,3,1,3,1,0,,0,0,-0.362, 1.58,-0.23%, 1.67, -3.7,0,1,0,0,0,0,0,0
71,Wander Suero, 0.1,0,0,0,0,0,0,3.10,1,2,2,1,1,0,1,0,0,0,,1,0,0.006, 0.22, 0.00%, 0.23, 0.2,0,0,0,0,0,0,0,0
71,Sam Clay, 1.2,3,1,1,0,1,0,4.43,8,34,24,14,3,7,3,4,3,0,,0,0,-0.058, 2.05,-0.04%, 2.16, -0.4,0,0,0,0,0,1,0,0
71,Justin Miller, 0.1,0,0,0,0,0,0,0.00,1,5,3,1,0,2,1,0,0,0,,2,0,0.094, 3.67, 0.06%, 3.87, 0.4,0,0,0,0,0,1,0,0
71,Austin Voth, 0.1,1,2,2,1,1,0,3.00,3,16,7,4,0,3,0,1,1,0,,0,0,-0.187, 3.35,-0.12%, 3.53, -0.7,0,0,0,0,0,1,0,0
71,Tanner Rainey, 0.2,2,0,0,1,1,0,7.54,5,16,11,5,4,2,3,0,0,0,,2,2,-0.351, 3.29,-0.22%, 3.47, -0.8,0,0,0,1,0,0,0,1
71,Paolo Espino, 1 ,0,0,0,0,0,0,2.20,4,8,6,5,0,1,1,3,1,0,,0,0,0.198, 2.83, 0.12%, 2.98, 0.5,0,0,0,0,0,0,1,0
72,Joe Ross, 7 ,4,0,0,2,8,0,4.12,25,101,68,41,9,18,8,7,4,0,75,,,0.195, 0.58, 0.12%, 0.58, 3.5,1,0,0,1,0,0,0,0
72,Justin Miller, 1 ,2,3,3,1,1,1,13.50,6,23,17,8,3,6,2,2,0,0,,0,0,-0.010, 0.29,-0.01%, 0.29, -2.5,0,0,0,0,0,0,0,0
72,Wander Suero, 1 ,1,0,0,0,0,0,2.95,4,16,12,8,2,2,0,4,2,0,,0,0,0.018, 0.34, 0.01%, 0.34, 0.5,0,0,0,0,0,0,0,0
73,Jon Lester, 2.1,5,7,7,3,1,1,4.99,16,64,35,24,1,10,5,7,3,0,17,,,-0.439, 0.75,-0.27%, 0.78, -5.9,1,0,0,0,1,0,0,0
73,Justin Miller, 0.2,1,0,0,0,1,0,10.13,3,11,7,3,0,4,2,0,0,0,,2,1,0.003, 0.46, 0.00%, 0.47, 0.4,0,0,0,0,0,0,0,0
73,Paolo Espino, 2 ,3,2,1,1,2,0,2.35,11,41,26,14,3,9,4,4,2,0,,0,0,-0.023, 0.17,-0.01%, 0.18, -1.0,0,0,0,0,0,0,0,0
73,Sam Clay, 1 ,1,0,0,0,0,0,4.24,4,11,6,4,0,2,1,3,2,0,,0,0,0.001, 0.03, 0.00%, 0.03, 0.5,0,0,0,0,0,0,0,0
73,Jefry Rodriguez, 2 ,1,2,2,1,2,1,3.00,8,32,20,16,2,2,0,5,0,0,,0,0,0.000, 0.00, 0.00%, 0.00, -1.0,0,0,0,0,0,0,0,0
74,Patrick Corbin, 6 ,5,3,3,0,6,1,5.33,23,77,55,31,13,11,8,9,6,0,56,,,-0.062, 0.78,-0.04%, 0.81, -0.0,1,0,0,0,1,0,0,0
74,Austin Voth, 1 ,1,0,0,1,1,0,2.91,5,16,10,7,0,3,2,1,1,0,,0,0,0.043, 0.94, 0.03%, 0.98, 0.5,0,0,0,0,0,0,0,0
74,Tanner Rainey, 1 ,0,0,0,0,1,0,7.23,3,12,9,5,3,1,0,2,0,0,,0,0,0.031, 0.41, 0.02%, 0.42, 0.5,0,0,0,0,0,0,0,0
75,Max Scherzer, 6 ,5,1,1,2,7,0,2.14,26,102,70,35,20,15,9,7,3,0,63,,,0.214, 1.19, 0.12%, 1.11, 2.0,1,1,0,1,0,0,0,0
75,Tanner Rainey, 1 ,0,0,0,1,1,0,6.93,4,19,8,3,3,2,1,1,0,0,,0,0,0.034, 0.62, 0.02%, 0.58, 0.5,0,0,0,0,0,0,0,0
75,Austin Voth, 1 ,1,0,0,0,1,0,2.83,3,10,7,4,2,1,1,1,1,0,,0,0,0.028, 0.64, 0.01%, 0.60, 0.5,0,0,0,0,0,0,0,0
75,Brad Hand, 1 ,0,0,0,0,1,0,2.53,3,10,8,5,0,3,2,0,0,0,,0,0,0.018, 0.24, 0.01%, 0.22, 0.5,0,0,0,0,0,0,0,0
76,Paolo Espino, 5 ,5,0,0,0,3,0,2.02,19,67,45,20,8,17,9,7,3,0,60,,,0.230, 1.04, 0.19%, 1.46, 2.4,1,0,0,1,0,0,0,0
76,Sam Clay, 1.2,1,1,1,0,1,0,4.32,7,34,23,14,3,6,3,2,1,0,,0,0,0.039, 0.40, 0.03%, 0.57, 0.6,0,1,0,0,0,0,0,0
76,Wander Suero, 0.1,2,1,1,0,1,0,3.32,4,15,11,6,3,2,0,2,2,0,,1,1,-0.029, 0.57,-0.02%, 0.80, -1.0,0,1,0,0,0,0,0,0
76,Justin Miller, 0.1,2,2,2,0,1,2,15.00,3,14,11,9,1,1,0,2,0,0,,1,1,-0.138, 1.51,-0.12%, 2.13, -2.4,0,0,0,0,0,0,0,0
76,Brad Hand, 1.2,0,0,0,0,2,0,2.41,5,25,17,14,1,2,0,3,1,0,,0,0,0.079, 0.62, 0.07%, 0.88, 0.7,0,0,0,0,0,0,1,0
77,Joe Ross, 6.1,6,2,2,2,7,1,4.02,27,88,57,31,10,16,9,9,3,0,58,,,0.119, 0.96, 0.07%, 1.01, 0.9,1,0,0,1,0,0,0,0
77,Sam Clay, 0.2,1,0,0,0,0,0,4.21,3,13,8,5,0,3,3,0,0,0,,1,0,0.075, 2.52, 0.05%, 2.63, 0.5,0,0,0,0,0,1,0,0
77,Austin Voth, 1 ,0,0,0,0,1,0,2.75,3,13,8,3,1,4,1,1,0,0,,0,0,0.073, 0.96, 0.05%, 1.00, 0.5,0,0,0,0,0,1,0,0
77,Brad Hand, 1 ,1,1,1,0,0,1,2.60,4,8,7,4,1,2,0,4,2,0,,0,0,0.072, 1.95, 0.04%, 2.04, -0.5,0,0,0,0,0,0,1,0
78,Jon Lester, 5 ,7,5,5,2,3,2,5.34,24,96,54,28,7,19,6,13,5,0,34,,,-0.273, 1.14,-0.18%, 1.22, -2.6,1,0,0,1,0,0,0,0
78,Andres Machado, 2 ,0,0,0,0,3,0,0.00,6,27,19,8,6,5,1,2,1,0,,0,0,0.055, 0.36, 0.03%, 0.39, 1.0,0,0,0,0,0,1,0,0
78,Ryne Harper, 1 ,1,0,0,0,1,0,1.00,4,13,11,4,4,3,2,1,1,0,,0,0,0.006, 0.07, 0.00%, 0.07, 0.5,0,0,0,0,0,0,0,0
78,Kyle Lobstein, 0.1,1,1,1,1,1,0,27.00,3,16,9,5,2,2,1,0,0,0,,0,0,0.000, 0.00, 0.00%, 0.00, -0.4,0,0,0,0,0,0,0,0
78,Kyle McGowin, 0.2,1,0,0,0,0,0,3.79,3,13,8,3,1,4,2,1,1,0,,2,1,0.000, 0.00, 0.00%, 0.00, -0.1,0,0,0,0,0,0,0,0
79,Patrick Corbin, 4.2,8,6,5,1,2,2,5.56,24,97,62,36,11,15,9,12,4,0,27,,,-0.450, 1.32,-0.33%, 1.63, -3.8,1,0,0,0,1,0,0,0
79,Andres Machado, 0.1,1,0,0,0,0,0,0.00,2,6,5,2,1,2,0,2,1,0,,1,0,0.008, 0.46, 0.01%, 0.56, 0.2,0,0,0,0,0,0,0,0
80,Max Scherzer, 6 ,4,1,1,1,8,1,2.10,22,100,67,34,17,16,3,10,1,0,67,,,0.235, 0.86, 0.16%, 0.98, 1.9,1,0,0,0,0,0,0,0
80,Sam Clay, 0.1,2,3,3,0,0,0,5.19,4,20,12,8,2,2,1,2,2,0,,0,0,-0.199, 1.89,-0.14%, 2.17, -1.4,0,1,0,0,1,1,0,0
80,Austin Voth, 0 ,3,4,4,1,0,0,3.75,4,14,7,4,1,2,1,2,2,0,,2,2,-0.550, 2.71,-0.38%, 3.10, -4.3,0,0,0,0,0,0,0,1
80,Kyle Lobstein, 0.2,2,2,2,0,0,1,27.00,4,13,8,6,0,2,1,3,1,0,,2,2,-0.065, 0.42,-0.04%, 0.48, -2.8,0,0,0,0,0,0,0,0
80,Jefry Rodriguez, 2 ,0,0,0,2,2,0,2.25,8,31,14,5,2,7,0,4,0,0,,0,0,0.001, 0.02, 0.00%, 0.02, 1.0,0,0,0,0,0,0,0,0
81,Paolo Espino, 4.1,3,3,3,3,2,0,2.48,19,70,41,23,4,14,5,9,4,0,44,,,-0.111, 1.13,-0.07%, 1.17, -0.8,1,0,1,0,0,0,0,0
81,Ryne Harper, 0.2,0,0,0,0,0,0,0.93,2,8,6,3,1,2,2,0,0,0,,0,0,0.036, 0.72, 0.02%, 0.74, 0.3,0,0,0,0,0,0,0,0
81,Wander Suero, 1.1,1,1,0,0,2,0,3.13,7,26,19,10,5,4,3,1,0,0,,0,0,-0.087, 1.78,-0.05%, 1.85, -0.3,0,1,0,0,1,0,0,0
81,Sam Clay, 0.2,0,0,0,0,0,0,5.06,2,8,4,2,1,1,2,0,0,0,,0,0,0.030, 0.60, 0.02%, 0.62, 0.3,0,0,0,0,0,0,0,0
81,Austin Voth, 1 ,0,0,0,0,1,0,3.65,3,13,8,4,4,0,0,2,0,0,,0,0,0.050, 0.67, 0.03%, 0.69, 0.5,0,0,0,0,0,0,0,0
81,Kyle McGowin, 0.2,1,1,1,1,2,0,4.12,4,23,15,9,3,3,0,1,1,0,,0,0,-0.083, 0.75,-0.05%, 0.78, -0.8,0,0,0,0,0,0,0,0
81,Kyle Lobstein, 0.1,0,0,0,0,0,0,20.25,1,5,3,2,0,1,1,0,0,0,,1,0,0.012, 0.44, 0.01%, 0.46, 0.3,0,0,0,0,0,0,0,0
82,Joe Ross, 6.2,7,3,3,0,11,1,4.02,28,101,70,33,12,25,5,11,4,0,59,,,0.054, 1.12, 0.03%, 1.06, 1.2,1,1,0,0,1,0,0,0
82,Brad Hand, 1.1,1,0,0,0,2,0,2.50,5,21,14,7,1,6,0,3,1,0,,1,1,-0.092, 0.57,-0.05%, 0.55, -0.3,0,0,0,0,0,0,0,0
82,Wander Suero, 0.1,3,2,2,0,0,0,3.86,5,13,7,6,0,1,1,3,1,0,,0,0,-0.064, 0.48,-0.04%, 0.46, -2.9,0,1,0,0,0,0,0,0
82,Andres Machado, 0.2,0,0,0,0,2,0,0.00,3,15,7,1,2,4,0,0,0,0,,2,0,0.009, 0.12, 0.01%, 0.11, 1.4,0,1,0,0,0,0,0,0
83,Jon Lester, 3.1,6,5,2,4,2,1,5.34,21,83,48,31,3,14,10,4,0,0,32,,,-0.231, 1.19,-0.12%, 1.01, -2.8,1,1,1,0,0,0,0,0
83,Kyle McGowin, 1.2,1,0,0,2,2,0,3.80,8,33,18,6,4,8,0,4,2,0,,1,1,0.010, 1.44, 0.01%, 1.23, 0.1,0,0,0,0,0,0,0,0
83,Wander Suero, 1 ,0,0,0,0,2,0,3.70,3,17,11,5,4,2,0,1,0,0,,0,0,0.074, 0.99, 0.04%, 0.84, 0.5,0,0,0,1,0,0,0,0
83,Sam Clay, 1 ,0,0,0,0,0,0,4.88,3,6,4,3,0,1,2,1,1,0,,0,0,0.106, 1.41, 0.05%, 1.20, 0.5,0,0,0,0,0,1,0,0
83,Austin Voth, 1 ,0,0,0,0,1,0,3.55,3,6,6,2,3,1,1,1,0,0,,0,0,0.084, 1.12, 0.04%, 0.96, 0.5,0,0,0,0,0,1,0,0
83,Brad Hand, 1 ,0,0,0,0,1,0,2.43,3,13,9,3,2,4,2,0,0,0,,0,0,0.086, 1.14, 0.04%, 0.97, 0.5,0,0,0,0,0,0,1,0
84,Erick Fedde, 4.1,8,6,6,1,2,1,4.53,22,93,56,39,6,11,8,11,5,0,24,,,-0.358, 1.25,-0.21%, 1.25, -2.8,1,0,0,0,1,0,0,0
84,Sam Clay, 0.2,2,0,0,0,1,0,4.76,4,11,6,3,2,1,2,1,0,0,,2,2,-0.095, 1.00,-0.06%, 0.99, -0.8,0,0,0,0,0,0,0,0
84,Kyle Finnegan, 1 ,1,0,0,0,0,0,3.73,3,14,11,6,2,3,1,2,0,0,,0,0,0.027, 0.53, 0.02%, 0.53, 0.5,0,0,0,0,0,0,0,0
84,Andres Machado, 1 ,2,1,1,0,1,0,2.25,5,25,17,10,3,4,0,4,3,0,,0,0,-0.041, 0.41,-0.03%, 0.41, -0.5,0,0,0,0,0,0,0,0
84,Jefry Rodriguez, 1 ,1,0,0,0,1,0,2.00,4,17,10,7,2,1,3,0,0,0,,0,0,0.006, 0.10, 0.00%, 0.10, 0.5,0,0,0,0,0,0,0,0
85,Patrick Corbin, 6 ,7,2,2,2,3,1,5.40,28,106,66,37,8,21,10,12,5,0,51,,,0.065, 0.34, 0.03%, 0.29, 0.8,1,1,0,1,0,0,0,0
85,Kyle McGowin, 2.2,2,3,3,2,5,1,4.50,12,48,27,10,7,10,2,3,1,0,,0,0,0.003, 0.01, 0.00%, 0.01, -0.9,0,0,0,0,0,0,0,0
85,Jefry Rodriguez, 0.1,2,0,0,1,1,0,1.93,4,14,7,4,1,2,1,1,1,0,,1,1,0.000, 0.00, 0.00%, 0.00, -0.7,0,0,0,0,0,0,0,0
86,Max Scherzer, 3.2,5,7,7,1,7,2,2.66,19,91,58,28,16,14,3,6,2,0,29,,,-0.151, 0.56,-0.09%, 0.56, -4.4,1,2,0,0,0,0,0,0
86,Kyle Finnegan, 1.1,1,0,0,0,0,0,3.58,5,22,15,11,0,4,3,2,1,0,,1,1,-0.005, 1.17,-0.00%, 1.17, -0.2,0,0,0,0,0,0,0,0
86,Wander Suero, 0.2,1,1,1,0,0,0,3.96,3,12,7,6,0,1,1,2,1,0,,0,0,0.018, 2.14, 0.01%, 2.14, 0.1,0,0,0,0,0,1,0,0
86,Austin Voth, 1.1,1,0,0,0,1,0,3.43,5,22,14,9,3,2,1,3,2,0,,1,1,-0.052, 1.57,-0.03%, 1.57, -0.2,0,0,0,0,0,0,0,1
86,Daniel Hudson, 1 ,1,0,0,0,1,0,2.49,4,13,8,5,2,1,0,3,1,0,,0,0,0.103, 2.16, 0.06%, 2.16, 0.5,0,0,0,0,0,0,0,0
86,Sam Clay, 0.2,2,1,1,1,0,0,4.97,5,13,7,6,0,1,3,1,1,0,,0,0,-0.369, 3.79,-0.22%, 3.79, -1.0,0,0,1,0,1,0,0,0
87,Paolo Espino, 3.2,6,3,3,1,1,1,2.89,18,73,51,30,6,15,3,13,5,0,37,,,-0.164, 0.92,-0.08%, 0.78, -1.4,1,0,0,0,0,0,0,0
87,Sam Clay, 1.1,1,1,1,0,1,1,5.04,6,21,13,9,2,2,2,2,1,0,,2,0,-0.044, 1.41,-0.02%, 1.20, -0.1,0,1,0,0,1,0,0,0
87,Kyle McGowin, 1 ,1,0,0,0,1,0,4.32,4,10,9,5,1,3,0,3,0,0,,0,0,0.047, 0.95, 0.02%, 0.80, 0.5,0,0,0,0,0,0,0,0
87,Wander Suero, 1 ,2,1,1,0,1,1,4.15,4,10,7,4,1,2,1,2,1,0,,0,0,-0.075, 0.54,-0.04%, 0.46, -0.5,0,0,0,0,0,0,0,0
87,Ryne Harper, 1 ,0,0,0,0,1,0,0.84,3,9,6,2,2,2,1,1,0,0,,0,0,0.014, 0.18, 0.01%, 0.15, 0.5,0,0,0,0,0,0,0,0
88,Jon Lester, 2.2,9,8,3,2,1,0,5.54,21,80,46,32,4,10,8,10,5,0,17,,,-0.351, 0.82,-0.15%, 0.58, -7.0,1,0,0,0,1,0,0,0
88,Ryne Harper, 2.1,2,0,0,1,3,0,0.69,10,39,26,13,4,9,2,4,3,0,,2,0,0.006, 0.04, 0.00%, 0.03, 1.5,0,0,0,0,0,0,0,0
88,Kyle McGowin, 0.2,1,1,1,0,0,1,4.56,3,14,8,5,0,3,1,2,1,0,,0,0,-0.002, 0.01,-0.00%, 0.01, -0.6,0,0,0,0,0,0,0,0
88,Jefry Rodriguez, 2.1,2,1,1,3,6,0,2.31,12,52,28,13,8,7,0,3,2,0,,0,0,0.001, 0.02, 0.00%, 0.01, 0.1,0,0,0,0,0,0,0,0
89,Erick Fedde, 5 ,8,3,3,3,7,1,4.59,25,95,56,27,10,19,5,10,6,0,43,,,-0.130, 0.84,-0.05%, 0.53, -0.5,1,0,1,0,1,0,0,0
89,Austin Voth, 1 ,0,0,0,1,0,0,3.35,4,17,11,6,2,3,1,2,0,0,,0,0,0.017, 0.40, 0.01%, 0.26, 0.5,0,0,0,0,0,0,0,0
89,Daniel Hudson, 1 ,0,0,0,0,1,0,2.39,3,10,8,4,3,1,1,1,0,0,,0,0,0.024, 0.31, 0.01%, 0.20, 0.5,0,0,0,0,0,0,0,0
89,Kyle Finnegan, 1 ,0,0,0,0,3,0,3.48,3,13,10,4,2,4,0,0,0,0,,0,0,0.014, 0.18, 0.01%, 0.11, 0.5,0,0,0,0,0,0,0,0
90,Erick Fedde, 1.1,3,6,6,4,1,0,5.32,11,57,29,17,2,10,5,1,1,0,21,,,-0.345, 1.25,-0.12%, 0.73, -3.6,1,0,0,0,1,0,0,0
90,Andres Machado, 0.1,2,3,3,1,0,0,8.31,4,25,15,11,0,4,1,2,2,0,,3,3,-0.195, 1.98,-0.07%, 1.17, -2.2,0,0,0,0,0,0,0,0
90,Paolo Espino, 2.1,4,3,3,1,2,1,3.33,12,51,31,16,3,12,1,8,4,0,,3,3,-0.167, 0.21,-0.06%, 0.12, -4.3,0,0,0,0,0,0,0,0
90,Sam Clay, 1 ,1,1,1,0,1,1,5.17,4,18,13,8,2,3,2,1,0,0,,0,0,-0.004, 0.03,-0.00%, 0.02, -0.5,0,0,0,0,0,0,0,0
90,Wander Suero, 0.1,3,6,3,2,0,2,5.13,7,28,12,8,2,2,1,4,1,0,,0,0,-0.003, 0.00,-0.00%, 0.00, -5.0,0,0,0,0,0,0,0,0
90,Ryne Harper, 1.2,3,0,0,0,3,0,0.61,9,46,30,17,3,10,4,2,1,0,,1,1,0.000, 0.00, 0.00%, 0.00, 0.0,0,0,0,0,0,0,0,0
90,Jefry Rodriguez, 2 ,6,5,5,1,0,1,5.27,13,33,26,21,1,4,5,7,3,0,,0,0,0.000, 0.00, 0.00%, 0.00, -4.0,0,0,0,0,0,0,0,0
91,Patrick Corbin, 5.1,10,6,6,4,3,0,5.66,27,89,54,31,8,14,10,9,5,0,23,,,-0.244, 1.06,-0.08%, 0.58, -2.6,1,0,0,0,1,0,0,0
91,Kyle Finnegan, 0.2,4,2,2,0,1,0,3.93,5,23,12,7,2,3,2,2,2,0,,1,1,-0.242, 1.10,-0.08%, 0.60, -2.5,0,0,0,0,0,0,0,0
91,Sam Clay, 0.2,2,2,1,1,1,0,5.34,5,22,11,5,2,4,2,1,0,0,,0,0,-0.039, 0.18,-0.01%, 0.10, -1.8,0,0,0,0,0,0,0,0
91,Andres Machado, 1.1,1,0,0,0,2,0,6.35,5,23,13,8,0,5,1,2,1,0,,1,0,0.004, 0.05, 0.00%, 0.03, 0.8,0,0,0,0,0,0,0,0
91,Ryne Harper, 1 ,1,0,0,0,0,0,0.57,3,13,9,7,0,2,2,1,1,0,,0,0,0.001, 0.02, 0.00%, 0.01, 0.5,0,0,0,0,0,0,0,0
92,Max Scherzer, 7 ,4,4,4,3,8,2,2.83,28,102,66,34,11,21,7,10,1,0,58,,,-0.005, 0.96,-0.00%, 0.47, -0.6,1,0,0,0,0,0,0,0
92,Daniel Hudson, 1 ,1,2,1,0,3,1,2.63,5,22,12,3,5,4,1,1,0,0,,0,0,-0.342, 1.55,-0.10%, 0.76, -1.5,0,0,0,0,0,0,0,0
92,Brad Hand, 1 ,1,1,1,3,3,0,2.61,7,31,16,5,1,10,0,1,1,0,,0,0,-0.205, 3.84,-0.06%, 1.90, -0.5,0,0,1,1,0,0,0,1
93,Jon Lester, 7 ,6,0,0,0,7,0,4.99,26,81,59,32,9,18,8,11,7,0,72,,,0.089, 0.25, 0.03%, 0.13, 3.4,1,0,0,1,0,0,0,0
93,Wander Suero, 1 ,1,1,1,0,2,1,5.27,4,16,11,7,1,3,1,1,0,0,,0,0,0.000, 0.00, 0.00%, 0.00, -0.5,0,0,0,0,0,0,0,0
93,Jefry Rodriguez, 1 ,2,0,0,0,1,0,4.91,4,15,12,8,2,2,3,0,0,0,,0,0,0.000, 0.00, 0.00%, 0.00, 0.5,0,0,0,0,0,0,0,0
94,Paolo Espino, 5 ,4,0,0,0,3,0,3.00,19,73,49,24,8,17,8,8,2,0,62,,,0.284, 1.03, 0.10%, 0.58, 2.4,1,0,0,0,0,0,0,0
94,Austin Voth, 1 ,2,3,3,1,1,1,3.92,6,21,14,8,3,3,1,3,2,0,,0,0,-0.400, 1.42,-0.14%, 0.80, -2.5,0,0,0,1,0,0,0,1
94,Kyle Finnegan, 1 ,0,0,0,0,0,0,3.82,3,7,6,4,0,2,1,2,1,0,,0,0,0.069, 0.91, 0.02%, 0.51, 0.5,0,0,0,0,0,1,0,0
94,Daniel Hudson, 1 ,0,0,0,0,2,0,2.54,3,8,7,1,3,3,0,1,0,0,,0,0,0.072, 0.96, 0.03%, 0.54, 0.5,0,0,0,0,0,1,0,0
94,Brad Hand, 1 ,0,0,0,0,1,0,2.54,3,14,9,5,1,3,1,1,0,0,,0,0,0.032, 0.42, 0.01%, 0.23, 0.5,0,0,0,0,0,0,1,0
95,Erick Fedde, 6 ,4,1,0,1,4,0,4.88,23,84,52,29,6,17,11,7,4,0,65,,,0.213, 1.05, 0.09%, 0.73, 1.9,1,0,0,0,0,0,0,0
95,Kyle Finnegan, 1 ,0,0,0,0,0,0,3.72,3,15,12,6,3,3,2,1,0,0,,0,0,0.087, 1.15, 0.04%, 0.80, 0.5,0,0,0,0,0,0,0,0
95,Daniel Hudson, 1 ,1,0,0,0,1,0,2.45,4,22,15,11,2,2,1,2,1,0,,0,0,0.105, 1.50, 0.04%, 1.03, 0.5,0,0,0,0,0,0,0,0
95,Brad Hand, 2 ,1,2,1,1,0,0,2.63,8,35,22,19,2,1,2,5,1,0,,0,0,-0.172, 3.31,-0.07%, 2.29, -0.4,0,0,0,0,1,0,0,0
96,Patrick Corbin, 5.1,5,5,4,1,4,1,5.71,23,91,60,31,8,21,8,10,6,0,43,,,-0.173, 0.89,-0.06%, 0.48, -1.3,1,0,0,0,1,0,0,0
96,Wander Suero, 1.2,1,1,1,0,0,1,5.28,6,20,12,8,1,3,1,5,1,0,,1,1,-0.041, 0.20,-0.01%, 0.11, -0.9,0,0,0,0,0,0,0,0
96,Ryne Harper, 1 ,0,0,0,0,0,0,0.54,3,10,9,6,1,2,2,1,1,0,,0,0,0.002, 0.02, 0.00%, 0.01, 0.5,0,0,0,0,0,0,0,0
97,Jon Lester, 5 ,3,3,3,1,2,2,5.02,19,70,41,26,2,13,5,11,5,0,50,,,-0.020, 0.62,-0.01%, 0.29, 0.1,1,0,0,0,1,0,0,0
97,Austin Voth, 1 ,3,2,2,1,2,0,4.25,7,27,17,8,6,3,0,4,3,0,,1,1,-0.088, 0.49,-0.03%, 0.23, -1.8,0,0,0,0,0,0,0,0
97,Sam Clay, 1 ,1,0,0,0,0,0,5.18,3,11,6,3,0,3,2,1,0,0,,0,0,0.008, 0.17, 0.00%, 0.08, 0.5,0,0,0,0,0,0,0,0
97,Daniel Hudson, 1 ,1,0,0,0,2,0,2.59,4,17,10,6,3,1,0,2,1,0,,0,0,0.016, 0.30, 0.01%, 0.14, 0.5,0,0,0,0,0,0,0,0
98,Paolo Espino, 5 ,5,3,3,1,6,3,3.21,19,79,51,26,10,15,3,9,3,0,50,,,-0.081, 0.69,-0.02%, 0.30, -0.3,1,0,0,0,0,0,0,0
98,Kyle Finnegan, 1.2,1,0,0,1,2,0,3.55,7,27,19,10,3,6,3,1,1,0,,0,0,0.149, 1.55, 0.04%, 0.68, 0.8,0,0,0,0,0,1,0,0
98,Daniel Hudson, 1.1,2,0,0,0,2,0,2.48,5,25,16,12,1,3,2,1,1,0,,1,0,0.201, 3.34, 0.05%, 1.46, 0.8,0,0,0,0,0,1,0,0
98,Brad Hand, 0.1,1,2,2,1,0,0,3.05,5,16,10,6,2,2,1,2,1,0,,0,0,-0.785, 4.61,-0.21%, 2.02, -2.4,0,1,0,0,1,0,0,1
99,Joe Ross, 5 ,3,0,0,2,4,0,3.80,20,72,44,17,7,20,7,6,1,0,63,,,0.232, 1.10, 0.06%, 0.48, 2.5,1,1,1,0,0,0,0,0
99,Austin Voth, 0.2,4,3,3,0,0,1,4.81,6,29,17,12,2,3,3,3,1,0,,0,0,-0.278, 1.72,-0.07%, 0.76, -2.9,0,0,0,0,0,0,0,0
99,Sam Clay, 0.1,0,0,0,0,1,0,5.13,1,5,5,4,0,1,0,0,0,0,,1,0,0.067, 2.46, 0.02%, 1.08, 0.4,0,0,0,0,0,1,0,0
99,Kyle Finnegan, 1 ,0,0,0,1,2,0,3.46,4,16,11,4,2,5,0,1,0,0,,0,0,0.108, 1.52, 0.03%, 0.67, 0.5,0,0,0,0,0,1,0,0
99,Daniel Hudson, 1 ,2,0,0,0,1,0,2.41,5,17,13,7,3,3,0,4,2,0,,0,0,0.142, 2.97, 0.04%, 1.31, 0.5,0,0,0,0,0,1,0,0
99,Brad Hand, 0.1,2,3,3,1,1,1,3.67,4,13,7,3,1,3,1,1,0,0,,0,0,-0.909, 3.20,-0.24%, 1.41, -2.8,0,0,0,0,1,0,0,1
100,Erick Fedde, 4.2,8,4,4,1,4,2,5.05,23,86,53,35,4,14,11,7,4,0,35,,,-0.117, 0.71,-0.03%, 0.26, -1.7,1,0,0,0,0,0,0,0
100,Sam Clay, 0.2,1,0,0,0,0,0,5.03,3,7,5,3,0,2,1,2,2,0,,1,0,0.026, 1.15, 0.01%, 0.41, 0.2,0,0,0,0,0,0,0,0
100,Wander Suero, 1.2,0,0,0,0,2,0,4.99,5,20,15,9,5,1,1,2,0,0,,1,0,0.161, 1.26, 0.03%, 0.45, 1.0,0,0,0,1,0,0,0,0
100,Kyle Finnegan, 1 ,0,0,0,2,0,0,3.38,5,25,16,12,3,1,1,2,0,0,,0,0,0.090, 2.37, 0.02%, 0.85, 0.5,0,0,0,0,0,1,0,0
100,Brad Hand, 1 ,0,0,0,0,1,0,3.59,4,11,8,3,0,5,1,2,1,0,,0,0,0.092, 2.33, 0.02%, 0.83, 0.5,0,0,0,0,0,0,1,0
101,Max Scherzer, 6 ,3,1,1,3,5,1,2.76,23,88,56,33,9,14,6,8,3,0,64,,,0.286, 1.35, 0.08%, 0.60, 2.0,1,1,0,1,0,0,0,0
101,Kyle Finnegan, 1 ,0,0,0,0,2,0,3.29,3,12,8,1,2,5,0,1,1,0,,0,0,0.092, 1.21, 0.03%, 0.54, 0.5,0,0,0,0,0,0,1,0
102,Patrick Corbin, 5 ,8,4,4,1,2,3,5.78,24,86,58,39,6,13,6,15,6,0,36,,,0.032, 0.67, 0.01%, 0.37, -1.5,1,0,0,0,0,0,0,0
102,Wander Suero, 1.2,1,2,2,1,2,0,5.29,7,31,19,11,5,3,3,1,1,0,,0,0,0.051, 0.60, 0.02%, 0.33, 0.6,0,0,0,0,0,1,0,0
102,Tanner Rainey, 0.1,2,1,1,1,0,0,7.20,4,15,7,4,1,2,1,2,1,0,,2,2,-0.458, 4.18,-0.15%, 2.30, -2.6,0,0,0,0,0,0,0,1
102,Sam Clay, 0.1,1,4,3,2,0,1,5.77,4,14,8,6,1,1,1,1,0,0,,0,0,-0.554, 6.32,-0.18%, 3.48, -3.1,0,0,1,0,1,0,0,1
103,Paolo Espino, 5.1,4,1,1,1,6,0,3.08,21,76,51,25,9,17,4,10,5,0,61,,,0.163, 1.10, 0.04%, 0.41, 1.4,1,0,0,1,0,0,0,0
103,Andres Machado, 0.2,0,0,0,0,0,0,5.68,2,15,10,6,3,1,1,1,0,0,,1,0,0.069, 1.35, 0.01%, 0.49, 0.5,0,0,0,0,0,1,0,0
103,Ryne Harper, 1.1,1,1,1,0,2,0,1.00,5,17,12,4,3,5,1,2,0,0,,0,0,0.042, 0.64, 0.01%, 0.23, 0.5,0,0,0,0,0,1,0,0
103,Gabe Klobosits, 0.2,2,1,1,0,0,0,13.50,4,9,7,5,2,0,1,3,1,0,,1,1,-0.059, 1.99,-0.01%, 0.73, -1.5,0,0,0,0,0,1,0,0
103,Kyle Finnegan, 1 ,1,0,0,0,0,0,3.21,3,10,8,6,0,2,1,2,2,0,,0,0,0.160, 2.96, 0.03%, 1.08, 0.5,0,0,0,0,0,0,1,0
104,Joe Ross, 4.1,7,5,4,1,5,1,4.00,23,84,54,27,10,17,8,9,4,0,35,,,-0.344, 0.94,-0.11%, 0.50, -3.9,1,0,0,0,1,0,0,0
104,Sam Clay, 0.2,0,0,0,0,0,0,5.66,2,6,3,2,0,1,2,0,0,0,,2,0,0.047, 0.59, 0.01%, 0.32, 1.4,0,0,0,0,0,0,0,0
104,Jefry Rodriguez, 3 ,2,1,1,3,3,0,4.58,13,45,24,13,1,10,1,6,4,0,,0,0,-0.002, 0.16,-0.00%, 0.09, 0.5,0,0,0,0,0,0,0,0
104,Andres Machado, 1 ,0,0,0,0,0,0,4.91,3,18,11,9,1,1,1,2,1,0,,0,0,0.008, 0.10, 0.00%, 0.05, 0.5,0,0,0,0,0,0,0,0
105,Erick Fedde, 6 ,4,3,3,1,8,2,5.01,22,108,62,29,11,22,5,8,4,0,59,,,0.013, 0.82, 0.00%, 0.31, -0.1,1,0,0,0,0,0,0,0
105,Gabe Klobosits, 1 ,0,0,0,0,0,0,5.40,3,7,6,4,0,2,0,3,1,0,,0,0,0.095, 1.26, 0.02%, 0.48, 0.5,0,0,0,0,0,1,0,0
105,Wander Suero, 1 ,1,2,2,1,2,1,5.67,5,22,12,5,3,4,0,2,0,0,,0,0,-0.263, 1.34,-0.06%, 0.51, -1.5,0,0,0,0,0,0,0,1
105,Kyle Finnegan, 1 ,0,0,0,0,0,0,3.14,3,15,7,4,0,2,1,1,0,0,,0,0,0.136, 2.35, 0.03%, 0.90, 0.5,0,0,0,1,0,0,0,0
106,Josiah Gray, 5 ,4,1,1,2,2,1,4.85,21,71,47,33,5,9,5,12,2,0,55,,,0.122, 1.15, 0.04%, 0.70, 1.5,1,0,0,0,0,0,0,0
106,Mason Thompson, 1 ,2,0,0,1,1,0,2.25,6,21,11,6,1,4,3,1,1,0,,0,0,0.054, 1.32, 0.02%, 0.80, 0.5,0,0,0,0,0,0,0,0
106,Sam Clay, 0.1,1,1,1,1,0,0,5.86,3,18,9,6,0,3,1,1,1,0,,0,0,-0.150, 1.58,-0.06%, 0.96, -0.9,0,0,0,0,0,0,0,0
106,Andres Machado, 0.2,0,0,0,1,0,0,4.50,2,6,3,1,1,1,0,1,0,0,,2,1,0.006, 2.83, 0.00%, 1.72, 0.4,0,0,1,0,0,0,0,0
106,Gabe Klobosits, 1 ,2,2,2,0,0,0,10.13,5,13,9,6,0,3,3,2,1,0,,0,0,-0.160, 2.44,-0.06%, 1.49, -0.5,0,0,0,0,1,1,0,0
106,Wander Suero, 1 ,3,3,3,1,1,0,6.29,6,22,14,8,3,3,1,3,3,0,,2,2,-0.543, 2.07,-0.20%, 1.26, -3.5,0,0,1,0,0,0,0,1
107,Patrick Corbin, 7 ,6,4,4,1,8,3,5.74,28,93,66,33,14,19,8,11,2,0,56,,,-0.043, 0.65,-0.01%, 0.35, -0.6,1,0,0,0,1,0,0,0
107,Javy Guerra, 1 ,1,1,1,0,0,1,9.00,4,15,11,9,1,1,1,3,1,0,,0,0,-0.050, 0.29,-0.02%, 0.16, -0.5,0,0,0,0,0,0,0,0
107,Ryne Harper, 1 ,0,0,0,0,0,0,0.95,3,8,6,3,1,2,2,1,0,0,,0,0,0.037, 0.49, 0.01%, 0.26, 0.5,0,0,0,0,0,0,0,0
108,Paolo Espino, 5 ,8,6,6,1,3,1,3.66,25,90,55,34,7,14,11,9,3,0,29,,,-0.394, 0.96,-0.10%, 0.42, -3.5,1,1,0,0,1,0,0,0
108,Jefry Rodriguez, 2 ,2,2,2,0,0,1,5.03,9,33,19,15,0,4,4,4,2,0,,0,0,-0.042, 0.41,-0.01%, 0.18, -1.0,0,1,0,0,0,0,0,0
108,Javy Guerra, 1 ,2,1,0,0,1,0,4.50,6,21,16,9,2,5,3,2,1,0,,0,0,-0.014, 0.12,-0.00%, 0.05, -0.5,0,0,0,0,0,0,0,0
108,Andres Machado, 1 ,0,0,0,0,1,0,4.00,4,15,10,5,1,4,3,0,0,0,,0,0,0.001, 0.02, 0.00%, 0.01, 0.5,0,0,0,0,0,0,0,0
109,Joe Ross, 6.1,5,3,3,2,7,1,4.02,25,84,55,26,8,21,5,11,5,0,56,,,-0.010, 0.90,-0.00%, 0.28, -0.1,1,1,0,0,0,0,0,0
109,Ryne Harper, 1 ,0,0,0,2,0,0,0.90,5,27,14,7,3,4,0,3,1,0,,1,0,0.112, 2.30, 0.02%, 0.72, 0.7,0,0,0,0,0,1,0,0
109,Mason Thompson, 0.2,1,0,0,0,1,0,1.93,3,9,6,3,1,2,0,2,1,0,,0,0,0.037, 1.38, 0.01%, 0.43, 0.3,0,0,0,0,0,1,0,0
109,Kyle Finnegan, 1 ,3,4,0,1,1,0,3.07,8,26,17,10,3,4,2,4,3,0,,0,0,-0.839, 3.11,-0.16%, 0.98, -3.5,0,0,1,0,1,0,0,1
110,Erick Fedde, 4.2,8,5,4,1,3,0,5.15,24,93,57,34,6,16,13,6,6,0,32,,,-0.381, 1.21,-0.04%, 0.23, -2.9,1,0,0,0,1,0,0,0
110,Sam Clay, 0.1,0,0,0,1,0,0,5.80,2,10,4,2,0,2,1,0,0,0,,2,0,0.040, 1.58, 0.01%, 0.30, 0.6,0,0,0,0,0,0,0,0
110,Gabe Klobosits, 1 ,1,0,0,1,1,0,7.36,5,15,11,6,4,1,1,2,1,0,,0,0,0.033, 0.75, 0.00%, 0.14, 0.5,0,0,1,0,0,0,0,0
110,Andres Machado, 1 ,0,0,0,0,0,0,3.60,3,13,9,5,1,3,0,3,0,0,,0,0,0.027, 0.34, 0.00%, 0.06, 0.5,0,0,0,0,0,0,0,0
110,Javy Guerra, 1 ,2,3,3,2,1,0,12.00,7,33,16,11,1,4,2,2,1,0,,0,0,-0.057, 0.29,-0.01%, 0.06, -2.5,0,0,0,0,0,0,0,0
111,Josiah Gray, 5 ,4,2,1,2,10,1,4.00,22,82,51,20,20,11,2,8,3,0,61,,,0.014, 0.81, 0.00%, 0.12, 0.7,1,0,1,0,0,0,0,0
111,Mason Thompson, 1 ,1,0,0,0,2,0,1.59,4,13,9,3,3,3,1,1,1,0,,0,0,0.033, 0.44, 0.00%, 0.07, 0.5,0,0,0,0,0,0,0,0
111,Ryne Harper, 1 ,0,0,0,1,1,0,0.86,4,22,12,5,2,5,2,0,0,0,,0,0,0.027, 0.36, 0.00%, 0.06, 0.5,0,0,0,0,0,0,0,0
111,Andres Machado, 1 ,0,0,0,0,2,0,3.27,3,10,8,2,2,4,0,1,0,0,,0,0,0.016, 0.21, 0.00%, 0.03, 0.5,0,0,0,1,0,0,0,0
111,Kyle Finnegan, 1 ,0,0,0,0,0,0,3.00,3,12,8,6,1,1,1,2,0,0,,0,0,0.216, 2.76, 0.02%, 0.42, 0.5,0,0,0,0,0,0,1,0
112,Patrick Corbin, 6 ,5,5,5,1,5,2,5.83,24,68,45,27,9,9,8,10,5,0,46,,,-0.172, 0.72,-0.02%, 0.14, -1.7,1,0,0,0,1,0,0,0
112,Gabe Klobosits, 2 ,1,0,0,0,1,0,4.76,7,20,14,7,1,6,2,4,1,0,,0,0,0.043, 0.26, 0.01%, 0.05, 1.1,0,0,0,0,0,0,0,0
113,Paolo Espino, 1 ,2,1,1,0,0,0,3.74,4,14,8,6,0,2,1,3,1,0,45,,,-0.038, 0.77,-0.00%, 0.11, -0.5,1,0,0,0,0,0,0,0
113,Joe Ross, 5 ,6,4,4,1,2,0,4.17,23,82,57,38,6,13,10,10,6,0,,0,0,-0.129, 1.29,-0.01%, 0.18, -1.6,0,0,0,0,0,0,0,0
113,Gabe Klobosits, 1 ,2,1,1,0,0,0,5.40,5,22,13,12,0,1,1,4,1,0,,0,0,-0.038, 2.32,-0.00%, 0.32, -0.5,0,0,0,0,0,1,0,0
113,Mason Thompson, 1 ,3,2,1,0,0,0,2.70,7,21,13,13,0,0,3,4,3,0,,0,0,-0.543, 1.94,-0.05%, 0.27, -1.5,0,0,0,0,1,0,0,1
114,Sean Nolin, 3 ,8,4,4,0,2,1,12.00,16,51,37,26,6,5,2,12,8,0,29,,,-0.222, 0.93,-0.01%, 0.08, -1.9,1,0,0,0,1,0,0,0
114,Andres Machado, 1 ,2,0,0,0,3,0,3.00,6,24,16,8,4,4,2,0,0,0,,1,1,-0.018, 0.42,-0.00%, 0.04, -0.1,0,1,0,0,0,0,0,0
114,Javy Guerra, 1 ,2,0,0,0,0,0,9.00,4,9,7,6,0,1,1,3,2,0,,0,0,0.006, 0.14, 0.00%, 0.01, 0.5,0,0,0,0,0,0,0,0
114,Jefry Rodriguez, 1 ,0,0,0,0,1,0,4.79,3,12,9,6,2,1,0,2,0,0,,0,0,0.006, 0.08, 0.00%, 0.01, 0.5,0,0,0,0,0,0,0,0
115,Erick Fedde, 4 ,6,2,2,1,4,0,5.12,19,68,41,26,6,9,5,9,7,0,45,,,-0.070, 1.16,-0.00%, 0.07, -0.1,1,0,0,0,0,0,0,0
115,Gabe Klobosits, 1 ,0,0,0,0,1,0,4.70,3,7,7,4,1,2,0,2,0,0,,0,0,0.042, 0.55, 0.00%, 0.03, 0.5,0,0,0,0,0,0,0,0
115,Tanner Rainey, 1 ,3,2,2,0,0,1,7.62,6,28,20,14,4,2,2,4,1,0,,0,0,-0.098, 0.38,-0.00%, 0.02, -1.5,0,0,0,0,0,0,0,0
115,Kyle Finnegan, 0.1,1,1,1,0,0,1,3.18,2,11,6,6,0,0,1,1,0,0,,0,0,-0.366, 2.00,-0.01%, 0.12, -0.8,0,0,0,0,1,0,0,0
116,Josiah Gray, 6 ,5,3,3,0,6,3,4.13,23,87,59,34,12,13,6,11,2,0,56,,,-0.171, 0.90,-0.01%, 0.04, -0.5,1,0,0,0,1,0,0,0
116,Mason Thompson, 1 ,0,0,0,1,1,0,2.35,4,14,6,5,0,1,1,1,0,0,,1,0,0.091, 1.38, 0.00%, 0.07, 0.9,0,0,0,0,0,0,0,0
116,Andres Machado, 2 ,2,1,1,0,0,1,3.21,7,21,13,11,0,2,3,4,1,0,,0,0,-0.021, 0.53,-0.00%, 0.02, -0.0,0,0,0,0,0,0,0,0
117,Patrick Corbin, 4.2,7,6,6,2,5,1,6.04,23,97,57,35,15,7,9,7,2,0,29,,,-0.336, 0.85,-0.01%, 0.03, -3.8,1,0,0,0,1,0,0,0
117,Javy Guerra, 1.2,3,3,3,1,2,1,11.12,10,36,24,15,4,5,2,4,2,0,,1,0,-0.035, 0.18,-0.00%, 0.01, -2.5,0,1,0,0,0,0,0,0
117,Ryne Harper, 0.2,0,0,0,0,1,0,0.83,2,10,8,4,2,2,0,1,0,0,,1,0,0.002, 0.04, 0.00%, 0.00, 0.7,0,0,0,0,0,0,0,0
117,Jefry Rodriguez, 2 ,4,3,3,1,0,2,5.56,10,38,25,14,3,8,3,6,2,0,,0,0,-0.002, 0.01, 0.00%, 0.00, -2.0,0,0,0,0,0,0,0,0
118,Paolo Espino, 4 ,8,5,5,2,3,3,4.16,22,77,50,32,3,15,9,8,4,0,27,,,-0.369, 1.00,-0.00%, 0.01, -3.0,1,0,0,0,1,0,0,0
118,Gabe Klobosits, 1 ,2,1,1,1,1,0,5.19,6,33,20,15,2,3,2,2,1,0,,0,0,-0.059, 1.09, 0.00%, 0.01, -0.5,0,0,0,0,0,0,0,0
118,Andres Machado, 1 ,0,0,0,0,1,0,3.00,3,10,6,4,1,1,2,0,0,0,,0,0,0.054, 0.72, 0.00%, 0.01, 0.5,0,0,0,0,0,0,0,0
118,Mason Thompson, 1 ,0,0,0,0,0,0,2.08,4,15,8,6,1,1,2,2,0,0,,0,0,0.054, 0.97, 0.00%, 0.01, 0.5,0,0,0,0,0,0,0,0
118,Ryne Harper, 1 ,0,0,0,0,1,0,0.79,3,10,8,4,1,3,1,1,1,0,,0,0,0.051, 0.67, 0.00%, 0.01, 0.5,0,0,0,0,0,0,0,0
118,Kyle Finnegan, 1 ,0,0,0,0,0,0,3.11,3,12,9,6,1,2,1,2,0,0,,0,0,0.037, 0.49, 0.00%, 0.00, 0.5,0,0,0,0,0,0,0,0
119,Erick Fedde, 5 ,5,3,3,3,4,1,5.14,23,94,54,30,8,16,7,9,4,0,46,,,0.036, 0.96, 0.00%, 0.00, -0.5,1,0,0,1,0,0,0,0
119,Andres Machado, 2 ,2,0,0,0,1,0,2.65,7,23,15,11,1,3,4,2,1,0,,0,0,0.036, 0.35, 0.00%, 0.00, 1.0,0,0,0,0,0,0,0,0
119,Mason Thompson, 0 ,1,3,2,2,0,0,4.15,3,13,3,3,0,0,0,1,1,0,,0,0,-0.086, 0.60, 0.00%, 0.00, -1.8,0,0,0,0,0,0,0,0
119,Kyle Finnegan, 1 ,1,0,0,0,0,0,3.04,5,15,12,6,0,6,4,1,0,0,,3,3,0.043, 2.33, 0.00%, 0.01, -0.7,0,0,0,0,0,1,0,0
119,Gabe Klobosits, 1 ,1,0,0,0,0,0,4.66,3,18,12,9,2,1,3,0,0,0,,0,0,0.002, 0.09, 0.00%, 0.00, 0.5,0,0,0,0,0,0,0,0
120,Josiah Gray, 6 ,5,2,2,1,4,2,3.90,24,87,55,30,13,12,5,13,5,0,57,,,0.179, 1.04, 0.00%, 0.00, 0.9,1,1,0,0,0,0,0,0
120,Ryne Harper, 0.1,2,3,3,1,0,2,1.96,4,13,8,6,2,0,0,3,1,0,,0,0,-0.495, 1.65,-0.00%, 0.01, -2.8,0,0,0,0,0,0,0,1
120,Mason Thompson, 0.2,0,0,0,0,1,0,3.86,2,9,7,5,0,2,1,0,0,0,,0,0,0.030, 0.60, 0.00%, 0.00, 0.3,0,0,0,1,0,0,0,0
120,Andres Machado, 0.2,0,0,0,2,2,0,2.55,4,18,8,3,2,3,0,0,0,0,,0,0,0.002, 0.60, 0.00%, 0.00, 0.1,0,0,0,0,0,1,0,0
120,Kyle Finnegan, 1.1,1,0,0,0,1,0,2.96,5,19,12,8,1,3,2,2,0,0,,2,0,0.072, 0.66, 0.00%, 0.00, 0.9,0,0,0,0,0,0,1,0
121,Patrick Corbin, 6.1,3,1,1,0,7,1,5.82,22,92,61,32,12,17,7,8,4,0,70,,,0.291, 1.03, 0.00%, 0.01, 2.4,1,0,0,1,0,0,0,0
121,Mason Thompson, 0.2,0,0,0,1,0,0,3.60,3,14,5,3,0,2,1,1,0,0,,0,0,-0.035, 1.15, 0.00%, 0.01, -0.1,0,0,0,0,0,1,0,0
121,Andres Machado, 1 ,0,0,0,0,0,0,2.41,2,3,3,3,0,0,2,0,0,0,,1,0,0.171, 1.85, 0.00%, 0.02, 0.9,0,0,0,0,0,1,0,0
121,Kyle Finnegan, 1 ,0,0,0,1,1,0,2.90,4,19,12,6,4,2,1,1,0,0,,0,0,0.044, 1.17, 0.00%, 0.01, 0.5,0,0,0,0,0,0,1,0
122,Paolo Espino, 4.1,5,3,3,1,6,1,4.28,19,79,54,34,6,14,6,6,1,0,46,,,0.048, 1.01, 0.00%, 0.01, 0.4,1,0,0,0,0,0,0,0
122,Gabe Klobosits, 0.2,2,1,1,0,0,0,5.23,4,15,11,8,3,0,3,1,0,0,,2,2,-0.277, 1.99,-0.00%, 0.02, -1.8,0,0,0,0,0,0,0,0
122,Ryne Harper, 1.1,1,0,0,0,2,0,1.85,5,17,11,5,2,4,1,1,0,0,,0,0,0.075, 1.34, 0.00%, 0.01, 0.5,0,1,0,0,0,0,0,0
122,Andres Machado, 0.2,0,0,0,1,0,0,2.33,4,18,10,7,2,1,0,2,0,0,,1,0,0.091, 2.74, 0.00%, 0.03, 0.5,0,1,0,0,0,0,0,0
122,Javy Guerra, 0.1,2,5,4,0,0,1,16.50,6,34,21,15,1,4,0,3,1,0,,0,0,-0.385, 2.43,-0.00%, 0.03, -4.8,0,2,0,0,1,0,0,0
122,Jefry Rodriguez, 0.2,1,0,0,0,1,0,5.40,3,7,6,4,1,1,0,2,1,0,,0,0,0.001, 0.02, 0.00%, 0.00, 0.3,0,0,0,0,0,0,0,0
123,Sean Nolin, 4 ,6,3,3,3,5,1,9.00,20,81,45,31,4,10,4,8,6,0,40,,,-0.142, 1.10, 0.00%, 0.01, -0.9,1,0,0,0,1,0,0,0
123,Ryne Harper, 1 ,0,0,0,2,1,0,1.78,5,29,15,10,1,4,0,2,0,0,,0,0,0.034, 0.60, 0.00%, 0.00, 0.5,0,0,0,0,0,0,0,0
123,Gabe Klobosits, 1 ,0,2,1,3,1,0,5.56,7,35,15,6,4,5,2,0,0,0,,0,0,-0.096, 0.69, 0.00%, 0.00, -1.5,0,1,0,0,0,0,0,0
123,Jefry Rodriguez, 1 ,1,2,2,2,0,1,5.92,6,25,15,10,2,3,0,4,1,0,,0,0,-0.021, 0.06, 0.00%, 0.00, -1.5,0,0,0,0,0,0,0,0
123,Austin Voth, 1 ,2,0,0,1,0,0,4.70,5,20,10,7,0,3,1,3,2,0,,0,0,0.001, 0.02, 0.00%, 0.00, 0.5,0,0,0,0,0,0,0,0
124,Erick Fedde, 6.1,6,1,1,1,10,0,4.91,25,103,69,41,11,17,6,8,2,0,66,,,0.234, 0.80, 0.00%, 0.00, 2.6,1,0,0,1,0,0,0,0
124,Andres Machado, 0.2,1,0,0,0,2,0,2.25,3,14,10,4,4,2,0,1,1,0,,2,1,0.024, 1.07, 0.00%, 0.00, -0.1,0,0,0,0,0,0,0,0
124,Kyle McGowin, 1 ,0,0,0,0,2,0,4.39,3,16,10,3,4,3,1,0,0,0,,0,0,0.028, 0.37, 0.00%, 0.00, 0.5,0,0,0,0,0,0,0,0
124,Kyle Finnegan, 1 ,1,0,0,0,2,0,2.84,4,20,15,9,2,4,2,0,0,0,,0,0,0.018, 0.23, 0.00%, 0.00, 0.5,0,0,0,0,0,0,0,0
125,Josiah Gray, 6 ,5,2,2,3,7,1,3.75,26,91,62,32,17,13,8,8,0,0,58,,,0.049, 0.93, 0.00%, 0.01, 1.0,1,0,1,0,0,0,0,0
125,Andres Machado, 1 ,2,1,1,0,0,0,2.57,5,17,11,7,0,4,2,3,2,0,,0,0,-0.140, 2.40,-0.00%, 0.02, -0.5,0,0,0,0,0,0,0,1
125,Kyle McGowin, 1 ,0,0,0,0,1,0,4.23,3,11,7,6,1,0,1,1,1,0,,0,0,0.107, 1.41, 0.00%, 0.01, 0.5,0,0,0,0,0,0,0,0
125,Austin Voth, 1 ,1,0,0,1,1,0,4.60,5,20,12,7,2,3,2,1,0,0,,0,0,0.138, 3.52, 0.00%, 0.04, 0.5,0,0,1,0,0,0,0,0
125,Kyle Finnegan, 0.1,1,1,0,2,0,0,2.82,4,4,3,3,0,0,2,0,0,0,,0,0,-0.189, 4.54,-0.00%, 0.05, -1.5,0,0,2,0,1,0,0,0
126,Patrick Corbin, 3 ,4,6,6,2,3,2,6.09,15,58,36,22,8,6,5,5,3,0,28,,,-0.352, 0.65,-0.00%, 0.00, -4.5,1,0,0,0,1,0,0,0
126,Mason Thompson, 2 ,3,1,0,0,1,0,3.00,10,29,19,13,2,4,7,2,0,0,,0,0,-0.015, 0.17, 0.00%, 0.00, 0.0,0,0,0,0,0,0,0,0
126,Patrick Murphy, 1 ,1,0,0,1,2,0,4.35,5,18,10,5,4,1,2,0,0,0,,0,0,0.010, 0.27, 0.00%, 0.00, 0.5,0,0,0,0,0,0,0,0
126,Sam Clay, 1 ,0,0,0,1,2,0,5.65,4,26,17,10,1,6,1,0,0,0,,0,0,0.006, 0.11, 0.00%, 0.00, 0.5,0,0,0,0,0,0,0,0
126,Ryne Harper, 1 ,0,0,0,0,1,0,1.71,3,12,10,5,2,3,0,2,1,0,,0,0,0.003, 0.04, 0.00%, 0.00, 0.5,0,0,0,0,0,0,0,0
127,Paolo Espino, 5 ,3,1,1,0,7,1,4.13,18,68,49,27,12,10,3,8,3,0,64,,,0.172, 0.93, 0.00%, 0.00, 1.4,1,0,0,1,0,0,0,0
127,Andres Machado, 1 ,0,0,0,0,0,0,2.45,3,16,12,10,0,2,1,2,0,0,,0,0,0.087, 1.15, 0.00%, 0.00, 0.5,0,0,0,0,0,1,0,0
127,Sam Clay, 1 ,0,0,0,0,2,0,5.50,3,14,10,4,2,4,1,0,0,0,,0,0,0.107, 1.41, 0.00%, 0.00, 0.5,0,0,0,0,0,1,0,0
127,Kyle McGowin, 1 ,1,0,0,0,2,0,4.08,4,19,15,8,4,3,0,2,0,0,,0,0,0.139, 1.98, 0.00%, 0.01, 0.5,0,0,0,0,0,1,0,0
127,Kyle Finnegan, 1 ,0,0,0,1,0,0,2.77,3,11,5,2,2,1,2,0,0,0,,0,0,0.195, 4.49, 0.00%, 0.02, 0.5,0,0,0,0,0,0,1,0
128,Sean Nolin, 5.1,6,2,2,0,6,2,6.57,21,71,51,26,12,13,5,10,4,0,54,,,0.016, 1.07, 0.00%, 0.01, 0.4,1,0,0,0,0,0,0,0
128,Patrick Murphy, 0.2,0,0,0,0,1,0,4.09,2,8,6,4,2,0,1,0,0,0,,1,0,0.077, 1.64, 0.00%, 0.01, 0.5,0,0,0,0,0,0,0,0
128,Ryne Harper, 0.1,1,2,2,0,0,0,2.36,3,11,9,5,1,3,2,0,0,0,,0,0,-0.081, 2.94, 0.00%, 0.02, -0.4,0,1,0,0,1,1,0,0
128,Mason Thompson, 1.2,3,1,1,0,2,1,3.29,8,34,21,13,6,2,3,3,2,0,,2,2,-0.421, 0.75,-0.00%, 0.00, -1.6,0,0,0,0,0,0,0,1
129,Erick Fedde, 5.1,8,6,5,1,6,1,5.08,27,99,60,33,15,12,7,11,4,0,35,,,-0.377, 1.05,-0.00%, 0.00, -2.6,1,2,0,0,1,0,0,0
129,Kyle McGowin, 0.2,1,1,1,1,1,1,4.30,4,20,11,7,2,2,0,2,1,0,,1,1,-0.093, 0.29, 0.00%, 0.00, -1.5,0,0,0,0,0,0,0,0
129,Austin Voth, 1 ,0,0,0,0,1,0,4.50,3,13,10,6,3,1,1,1,1,0,,0,0,0.006, 0.08, 0.00%, 0.00, 0.5,0,0,0,0,0,0,0,0
129,Sam Clay, 1 ,2,2,2,2,0,0,5.82,7,19,10,5,2,3,3,1,1,0,,0,0,-0.020, 0.13, 0.00%, 0.00, -1.5,0,1,1,0,0,0,0,0
130,Josiah Gray, 4 ,7,6,6,3,4,1,4.73,21,83,54,35,7,12,7,7,2,0,25,,,-0.412, 0.94,-0.00%, 0.00, -4.0,1,0,0,0,1,0,0,0
130,Patrick Murphy, 2 ,2,1,1,0,1,1,4.15,9,32,21,13,2,6,5,3,1,0,,0,0,-0.018, 0.30, 0.00%, 0.00, -0.0,0,0,0,0,0,0,0,0
130,Ryne Harper, 2 ,1,0,0,1,1,0,2.20,8,35,21,13,4,4,2,4,1,0,,0,0,0.034, 0.27, 0.00%, 0.00, 1.0,0,0,0,0,0,0,0,0
130,Andres Machado, 1 ,0,0,0,1,0,0,2.35,4,14,6,3,1,2,1,2,0,0,,0,0,0.008, 0.11, 0.00%, 0.00, 0.5,0,0,0,0,0,0,0,0
131,Patrick Corbin, 5 ,9,6,6,4,4,2,6.26,27,93,53,36,7,10,10,9,3,0,25,,,-0.341, 1.40,-0.00%, 0.00, -2.9,1,0,0,0,1,0,0,0
131,Andres Machado, 0.1,4,3,3,0,0,0,3.47,5,12,9,6,1,2,3,1,1,0,,1,1,-0.371, 1.73, 0.00%, 0.00, -3.6,0,1,0,0,0,0,0,0
131,Mason Thompson, 0.2,1,0,0,0,1,0,3.14,3,10,7,2,1,4,2,0,0,0,,1,0,0.015, 0.37, 0.00%, 0.00, 0.5,0,0,0,0,0,0,0,0
131,Sam Clay, 1.1,0,0,0,0,2,0,5.63,4,16,11,4,4,3,2,0,0,0,,0,0,0.014, 0.14, 0.00%, 0.00, 0.7,0,0,0,0,0,0,0,0
131,Kyle McGowin, 0.2,0,0,0,1,0,0,4.20,3,9,4,2,1,1,1,1,0,0,,0,0,0.004, 0.10, 0.00%, 0.00, 0.3,0,0,0,0,0,0,0,0
131,Wander Suero, 0.2,4,3,3,2,0,1,6.94,8,36,23,14,3,6,1,5,2,0,,0,0,-0.013, 0.04, 0.00%, 0.00, -3.3,0,0,0,0,0,0,0,0
131,Ryne Harper, 0.1,0,0,0,0,0,0,2.17,1,1,1,1,0,0,0,1,0,0,,3,0,0.000, 0.01, 0.00%, 0.00, 0.8,0,0,0,0,0,0,0,0
132,Paolo Espino, 5.1,4,2,2,1,5,0,4.08,21,89,59,30,6,23,7,8,2,0,56,,,0.231, 0.85, 0.00%, 0.00, 2.0,1,0,0,0,0,0,0,0
132,Mason Thompson, 0 ,1,1,1,2,0,0,3.77,3,13,3,1,0,2,0,1,1,0,,2,2,-0.140, 1.01, 0.00%, 0.00, -3.0,0,0,0,0,0,0,0,0
132,Sam Clay, 0.2,0,0,0,0,0,0,5.53,2,4,4,2,1,1,1,1,0,0,,2,0,0.093, 1.94, 0.00%, 0.00, 0.9,0,0,0,0,0,1,0,0
132,Alberto Baldonado, 1 ,1,0,0,0,2,0,0.00,4,21,12,8,2,2,1,1,1,0,,0,0,0.046, 0.85, 0.00%, 0.00, 0.5,0,0,0,0,0,1,0,0
132,Patrick Murphy, 0.1,3,3,2,0,1,0,5.40,4,15,9,6,1,2,1,2,2,0,,0,0,-0.167, 1.74, 0.00%, 0.00, -1.7,0,0,0,0,0,1,0,0
132,Andres Machado, 0.2,0,1,0,1,0,0,3.38,4,19,12,8,2,2,3,0,0,0,,2,2,-0.466, 3.42, 0.00%, 0.00, -1.8,0,0,0,0,1,0,0,1
132,Austin Voth, 1 ,0,0,0,0,2,0,4.40,3,20,14,7,2,5,0,1,0,0,,0,0,0.037, 0.49, 0.00%, 0.00, 0.5,0,0,0,0,0,0,0,0
133,Sean Nolin, 5 ,5,2,2,1,3,0,5.71,22,102,63,38,10,15,9,8,2,0,51,,,-0.002, 0.90, 0.00%, 0.00, 0.5,1,1,0,0,0,0,0,0
133,Patrick Murphy, 2 ,2,0,0,0,5,0,4.70,9,39,25,10,7,8,3,0,0,0,,0,0,0.070, 0.78, 0.00%, 0.00, 1.0,0,1,0,0,0,0,0,0
133,Sam Clay, 1 ,1,0,0,0,0,0,5.40,4,9,7,4,2,1,2,2,0,0,,0,0,0.028, 0.39, 0.00%, 0.00, 0.5,0,0,0,0,0,0,0,0
133,Ryne Harper, 1 ,1,0,0,1,1,0,2.10,4,15,10,6,1,3,1,1,1,0,,0,0,0.017, 0.26, 0.00%, 0.00, 0.5,0,0,0,0,0,0,0,0
133,Austin Voth, 1 ,3,4,3,2,2,0,4.88,8,27,19,10,6,3,1,3,2,0,,0,0,-0.458, 1.55, 0.00%, 0.00, -2.9,0,0,1,0,1,0,0,0
134,Erick Fedde, 3 ,9,7,4,1,2,1,5.27,20,80,51,36,7,8,12,5,2,0,20,,,-0.403, 0.61, 0.00%, 0.00, -5.5,1,0,0,0,0,0,0,0
134,Wander Suero, 2 ,2,2,2,1,2,1,7.05,9,36,23,12,1,10,2,4,1,0,,0,0,-0.006, 0.03, 0.00%, 0.00, -1.0,0,0,0,0,0,0,0,0
134,Ryne Harper, 1 ,0,0,0,0,0,0,2.03,3,12,9,6,0,3,0,3,0,0,,0,0,0.002, 0.02, 0.00%, 0.00, 0.5,0,0,0,0,0,0,0,0
134,Alberto Baldonado, 2 ,0,0,0,0,2,0,0.00,6,29,18,9,6,3,0,4,2,0,,0,0,0.325, 2.43, 0.00%, 0.00, 1.6,0,0,0,0,0,0,0,0
134,Kyle Finnegan, 1 ,2,2,1,0,2,1,2.89,5,23,13,5,5,3,1,2,0,0,,0,0,-0.307, 1.27, 0.00%, 0.00, -0.9,0,0,0,0,1,0,0,0
135,Josh Rogers, 5.2,4,3,3,3,5,1,4.76,24,87,57,38,8,11,5,11,3,0,51,,,0.146, 1.30, 0.00%, 0.00, -0.2,1,0,0,1,0,0,0,0
135,Andres Machado, 0.1,0,0,0,0,1,0,3.33,1,4,3,2,1,0,0,0,0,0,,0,0,0.026, 1.02, 0.00%, 0.00, 0.1,0,0,0,0,0,1,0,0
135,Kyle Finnegan, 1 ,0,0,0,1,2,0,2.83,4,18,12,5,3,4,1,0,0,0,,0,0,0.159, 2.61, 0.00%, 0.00, 0.5,0,0,0,0,0,0,1,0
136,Josiah Gray, 3 ,7,6,6,1,2,2,5.65,17,82,49,35,7,7,3,11,5,0,22,,,-0.426, 0.84, 0.00%, 0.00, -4.5,1,0,0,0,0,0,0,0
136,Patrick Murphy, 2 ,1,0,0,0,2,0,4.15,7,19,11,7,2,2,2,2,1,0,,0,0,0.054, 0.37, 0.00%, 0.00, 1.0,0,1,0,0,0,0,0,0
136,Mason Thompson, 2 ,0,0,0,2,1,0,3.31,7,20,11,5,0,6,4,0,0,0,,0,0,0.161, 1.76, 0.00%, 0.00, 1.0,0,0,0,0,0,0,0,0
136,Andres Machado, 0.1,3,1,1,0,0,0,3.65,4,11,8,4,1,3,2,2,2,0,,0,0,-0.285, 2.72, 0.00%, 0.00, -1.4,0,0,0,0,1,0,0,0
136,Alberto Baldonado, 0.2,0,0,0,0,1,0,0.00,2,8,7,3,3,1,1,0,0,0,,2,0,0.085, 1.77, 0.00%, 0.00, 0.9,0,0,0,0,0,0,0,0
136,Austin Voth, 0 ,5,6,6,1,0,2,6.00,6,26,15,14,1,0,0,5,3,0,,0,0,-0.159, 0.27, 0.00%, 0.00, -6.0,0,0,0,0,0,0,0,0
136,Wander Suero, 1 ,0,0,0,0,2,0,6.87,3,12,8,4,1,3,1,0,0,0,,0,0,0.000, 0.00, 0.00%, 0.00, 0.5,0,0,0,0,0,0,0,0
137,Patrick Corbin, 7 ,11,3,3,1,4,1,6.14,30,114,73,50,12,11,15,10,6,0,46,,,-0.019, 1.21, 0.00%, 0.00, 0.4,1,0,0,0,0,0,0,0
137,Kyle Finnegan, 2 ,1,0,0,1,2,0,2.73,8,30,19,13,1,5,2,3,0,0,,0,0,0.088, 0.75, 0.00%, 0.00, 1.0,0,0,0,1,0,0,0,0
138,Paolo Espino, 5 ,7,5,5,2,7,1,4.35,23,92,58,36,13,9,3,11,5,0,38,,,-0.267, 0.74, 0.00%, 0.00, -2.3,1,0,0,0,0,0,0,0
138,Andres Machado, 1 ,0,0,0,0,0,0,3.51,3,8,7,7,0,0,2,1,0,0,,0,0,0.012, 0.15, 0.00%, 0.00, 0.5,0,0,0,0,0,0,0,0
138,Ryne Harper, 0 ,2,2,2,1,0,1,2.61,3,10,3,2,0,1,1,1,0,0,,0,0,-0.321, 1.41, 0.00%, 0.00, -2.6,0,0,0,0,1,0,0,0
138,Alberto Baldonado, 1 ,0,0,0,1,1,0,0.00,4,15,8,4,3,1,0,2,1,0,,1,0,0.058, 0.71, 0.00%, 0.00, 1.2,0,0,0,0,0,0,0,0
138,Sam Clay, 1 ,2,1,1,0,1,0,5.48,5,16,8,6,1,1,1,3,3,0,,0,0,-0.027, 0.31, 0.00%, 0.00, -0.5,0,0,0,0,0,0,0,0
139,Sean Nolin, 0.1,1,0,0,0,0,0,5.60,3,8,4,3,0,1,1,1,1,0,49,,,-0.039, 0.93, 0.00%, 0.00, -0.4,1,1,0,0,0,0,0,0
139,Patrick Murphy, 2.2,0,0,0,2,4,0,3.60,10,46,29,13,7,9,3,1,0,0,,2,0,0.208, 1.27, 0.00%, 0.00, 2.1,0,0,0,0,0,0,0,0
139,Andres Machado, 1 ,2,1,1,1,0,1,3.71,6,24,12,6,2,4,2,3,0,0,,0,0,-0.047, 1.33, 0.00%, 0.00, -0.5,0,0,0,0,0,1,0,0
139,Mason Thompson, 1 ,1,0,0,0,2,0,3.12,4,11,9,5,2,2,0,2,0,0,,0,0,0.077, 1.62, 0.00%, 0.00, 0.5,0,0,0,0,0,1,0,0
139,Austin Voth, 1.2,1,1,1,2,3,1,5.98,8,40,19,9,4,6,1,2,0,0,,0,0,-0.035, 1.42, 0.00%, 0.00, -0.2,0,0,0,1,0,0,0,1
139,Wander Suero, 1.1,0,0,0,0,1,0,6.64,4,14,9,7,1,1,0,3,2,0,,1,0,0.150, 1.38, 0.00%, 0.00, 0.8,0,0,0,0,0,1,0,0
139,Kyle Finnegan, 1 ,1,0,0,0,2,0,2.68,4,18,13,8,2,3,1,1,1,0,,0,0,0.101, 1.38, 0.00%, 0.00, 0.5,0,0,0,0,0,0,1,0
140,Erick Fedde, 6 ,5,4,4,0,7,3,5.31,23,108,70,44,12,14,6,10,2,0,53,,,-0.195, 0.87, 0.00%, 0.00, -0.7,1,0,0,0,0,0,0,0
140,Sam Clay, 0 ,1,0,0,2,0,0,5.48,3,15,5,2,1,2,0,1,1,0,,0,0,-0.230, 2.11, 0.00%, 0.00, -1.8,0,0,0,0,0,0,0,0
140,Mason Thompson, 2 ,2,2,2,1,2,2,3.72,8,23,15,8,5,2,2,3,1,0,,3,0,-0.185, 2.08, 0.00%, 0.00, 0.9,0,0,1,0,0,0,0,0
140,Wander Suero, 1.2,1,1,0,1,2,0,6.37,8,36,21,15,4,2,0,4,1,0,,0,0,-0.036, 3.58, 0.00%, 0.00, -0.1,0,1,0,0,1,0,0,0
141,Josh Rogers, 6.2,8,2,2,1,1,1,3.65,27,82,55,37,7,11,10,15,6,0,50,,,0.175, 1.42, 0.00%, 0.00, 1.3,1,0,0,0,0,0,0,0
141,Andres Machado, 1.1,0,0,0,1,0,0,3.54,5,21,10,4,1,5,1,3,1,0,,1,0,0.193, 1.97, 0.00%, 0.00, 0.7,0,0,0,0,0,1,0,0
141,Patrick Murphy, 0.1,1,2,2,1,0,0,4.43,3,13,7,5,1,1,1,1,0,0,,0,0,-0.342, 4.78, 0.00%, 0.00, -0.9,0,0,0,0,1,1,0,0
141,Alberto Baldonado, 0.1,1,0,0,0,0,0,0.00,2,6,4,2,1,1,2,0,0,0,,2,2,-0.458, 5.25, 0.00%, 0.00, -0.8,0,0,0,0,0,0,0,1
142,Josiah Gray, 5 ,3,5,5,6,4,2,6.00,24,100,54,28,8,18,4,10,3,0,39,,,-0.326, 1.10, 0.00%, 0.00, -2.5,1,0,0,0,0,0,0,0
142,Alberto Baldonado, 0.1,0,2,2,2,0,0,3.38,3,13,4,1,0,3,1,0,0,0,,0,0,-0.127, 1.94, 0.00%, 0.00, -0.9,0,0,0,0,1,0,0,0
142,Andres Machado, 0.2,1,2,0,2,2,0,3.45,6,25,12,4,3,5,2,0,0,0,,2,2,-0.241, 2.40, 0.00%, 0.00, -2.6,0,0,0,0,0,0,0,0
142,Sam Clay, 1 ,2,1,1,0,0,0,5.56,5,16,8,5,0,3,4,1,0,0,,0,0,-0.022, 0.15, 0.00%, 0.00, -0.5,0,0,0,0,0,0,0,0
142,Ryne Harper, 1 ,1,0,0,0,2,0,2.53,4,19,13,8,1,4,1,1,1,0,,0,0,0.006, 0.12, 0.00%, 0.00, 0.5,0,0,0,0,0,0,0,0
143,Patrick Corbin, 7 ,4,2,2,2,4,0,5.98,26,101,64,38,10,16,10,10,2,0,63,,,0.112, 1.03, 0.00%, 0.00, 1.5,1,0,0,1,0,0,0,0
143,Mason Thompson, 0.1,1,0,0,1,1,0,3.66,3,17,8,2,0,6,1,0,0,0,,0,0,-0.033, 0.84, 0.00%, 0.00, -0.4,0,0,0,0,0,0,0,0
143,Kyle Finnegan, 1.2,0,0,0,0,1,0,2.61,4,17,12,8,2,2,2,1,1,0,,2,0,0.079, 0.55, 0.00%, 0.00, 1.4,0,0,0,0,0,0,1,0
144,Paolo Espino, 6 ,6,1,1,3,6,0,4.18,25,91,62,30,13,19,5,11,5,0,59,,,0.192, 1.01, 0.00%, 0.00, 1.9,1,0,1,0,1,0,0,0
144,Sam Clay, 1 ,0,0,0,0,1,0,5.44,3,13,10,5,0,5,1,1,0,0,,0,0,0.054, 0.72, 0.00%, 0.00, 0.5,0,0,0,0,0,0,0,0
144,Austin Voth, 1 ,0,0,0,0,1,0,5.86,3,19,12,8,2,2,2,0,0,0,,0,0,0.051, 0.67, 0.00%, 0.00, 0.5,0,0,0,0,0,0,0,0
144,Patrick Murphy, 1 ,3,2,2,0,0,0,5.06,6,14,10,7,2,1,1,5,3,0,,0,0,-0.120, 0.51, 0.00%, 0.00, -1.5,0,0,0,0,0,0,0,0
145,Erick Fedde, 5 ,3,1,1,0,8,1,5.16,19,95,61,29,16,16,7,4,0,0,65,,,0.164, 0.98, 0.00%, 0.00, 1.5,1,0,0,1,0,0,0,0
145,Alberto Baldonado, 1 ,0,0,0,0,0,0,2.84,3,12,7,7,0,0,2,1,0,0,,0,0,0.047, 0.62, 0.00%, 0.00, 0.5,0,0,0,0,0,1,0,0
145,Andres Machado, 1 ,1,1,1,0,2,1,3.64,5,20,11,7,4,0,0,2,1,0,,0,0,-0.008, 1.50, 0.00%, 0.00, -0.5,0,1,0,0,0,1,0,0
145,Austin Voth, 1 ,0,0,0,0,2,0,5.75,3,17,12,8,2,2,0,1,0,0,,0,0,0.073, 0.97, 0.00%, 0.00, 0.5,0,0,0,0,0,1,0,0
145,Wander Suero, 1 ,0,0,0,0,2,0,6.21,3,10,7,3,2,2,0,1,0,0,,0,0,0.002, 0.03, 0.00%, 0.00, 0.5,0,0,0,0,0,0,0,0
146,Josh Rogers, 5 ,1,0,0,1,6,0,2.60,19,73,44,22,6,16,3,7,3,0,70,,,0.281, 1.03, 0.00%, 0.00, 2.5,1,2,0,0,0,0,0,0
146,Alberto Baldonado, 1 ,1,2,2,1,1,1,4.91,5,17,10,5,3,2,1,2,0,0,,0,0,-0.211, 1.07, 0.00%, 0.00, -1.5,0,0,0,0,0,0,0,1
146,Sam Clay, 0.1,2,1,1,0,1,0,5.60,3,14,10,5,1,4,1,1,0,0,,0,0,-0.172, 2.30, 0.00%, 0.00, -0.9,0,0,0,0,0,1,0,0
146,Mason Thompson, 0.2,1,0,0,0,0,0,3.54,2,6,3,3,0,0,2,0,0,0,,2,1,0.061, 3.16, 0.00%, 0.00, 0.4,0,0,0,0,0,0,0,1
146,Wander Suero, 0.2,2,1,1,0,1,1,6.33,4,11,9,5,2,2,0,3,1,0,,0,0,-0.056, 1.54, 0.00%, 0.00, -0.7,0,0,0,0,0,1,0,0
146,Kyle Finnegan, 1.1,4,4,4,1,1,1,3.15,9,22,15,8,2,5,5,2,1,0,,1,0,-0.781, 2.84, 0.00%, 0.00, -3.3,0,0,0,0,1,0,0,1
147,Josiah Gray, 5.1,3,5,5,4,5,1,6.24,23,94,58,32,11,15,3,11,4,0,43,,,-0.100, 0.91, 0.00%, 0.00, -1.8,1,0,0,0,0,0,0,0
147,Alberto Baldonado, 0.2,2,2,2,0,1,1,6.75,4,18,11,6,2,3,0,3,1,0,,1,1,-0.377, 1.37, 0.00%, 0.00, -2.3,0,0,0,0,0,0,0,1
147,Mason Thompson, 1 ,0,0,0,0,1,0,3.38,3,11,7,2,2,3,1,1,1,0,,0,0,0.054, 0.72, 0.00%, 0.00, 0.5,0,0,0,0,0,0,0,0
147,Patrick Murphy, 1 ,0,0,0,0,0,0,4.84,3,20,12,10,1,1,0,3,1,0,,0,0,0.050, 0.67, 0.00%, 0.00, 0.5,0,0,0,0,0,0,0,0
147,Kyle Finnegan, 1 ,3,2,2,1,0,1,3.39,6,28,17,13,1,3,2,3,3,0,,0,0,-0.646, 2.93, 0.00%, 0.00, -1.5,0,0,0,0,1,0,0,1
148,Patrick Corbin, 4 ,10,6,6,3,5,2,6.17,25,87,51,30,12,9,8,9,4,0,20,,,-0.311, 0.61, 0.00%, 0.00, -4.1,1,0,0,0,1,0,0,0
148,Ryne Harper, 2 ,1,0,0,0,2,0,2.38,7,17,15,9,2,4,3,2,0,0,,0,0,0.011, 0.10, 0.00%, 0.00, 1.0,0,0,0,0,0,0,0,0
148,Sean Nolin, 3 ,1,0,0,3,2,0,4.79,13,51,29,14,5,10,4,4,0,0,,0,0,0.005, 0.04, 0.00%, 0.00, 1.5,0,0,0,0,0,0,0,0
149,Paolo Espino, 5.2,3,0,0,3,7,0,3.94,22,91,52,28,8,16,5,7,5,0,67,,,0.277, 0.96, 0.00%, 0.00, 2.5,1,0,0,1,0,0,0,0
149,Austin Voth, 0.1,0,0,0,1,0,0,5.71,2,12,5,4,1,0,0,1,0,0,,2,0,0.058, 3.23, 0.00%, 0.00, 0.4,0,0,0,0,0,1,0,0
149,Tanner Rainey, 1 ,0,0,0,0,3,0,7.33,3,13,11,4,3,4,0,0,0,0,,0,0,0.046, 0.60, 0.00%, 0.00, 0.5,0,0,0,0,0,1,0,0
149,Mason Thompson, 0.2,2,0,0,0,0,0,3.27,4,13,7,5,0,2,2,2,1,0,,0,0,-0.001, 0.60, 0.00%, 0.00, -0.0,0,0,0,0,0,1,0,0
149,Andres Machado, 0.1,0,0,0,0,1,0,3.60,1,3,3,1,1,1,0,0,0,0,,2,0,0.043, 1.67, 0.00%, 0.00, 0.5,0,0,0,0,0,1,0,0
149,Kyle Finnegan, 1 ,0,0,0,1,1,0,3.34,3,13,7,3,2,2,1,0,0,0,,0,0,0.032, 1.06, 0.00%, 0.00, 0.5,0,0,0,0,0,0,1,0
150,Erick Fedde, 5 ,4,4,2,0,5,3,5.10,20,96,58,33,7,18,10,5,0,0,52,,,-0.143, 0.72, 0.00%, 0.00, -1.5,1,0,0,0,0,0,0,0
150,Alberto Baldonado, 1 ,1,0,0,0,2,0,6.00,4,22,12,7,2,3,0,2,1,0,,0,0,0.074, 1.47, 0.00%, 0.00, 0.5,0,0,0,0,0,1,0,0
150,Patrick Murphy, 0.1,2,2,2,0,0,0,5.56,3,12,8,6,0,2,1,2,0,0,,0,0,-0.152, 1.89, 0.00%, 0.00, -1.4,0,0,0,0,0,1,0,0
150,Austin Voth, 0.2,2,1,1,1,0,0,5.81,5,21,12,8,1,3,2,2,0,0,,1,1,-0.225, 2.40, 0.00%, 0.00, -1.1,0,0,0,0,0,0,0,1
150,Andres Machado, 1 ,0,0,0,0,2,0,3.48,3,11,7,1,3,3,0,1,1,0,,0,0,0.107, 1.41, 0.00%, 0.00, 0.5,0,0,0,0,0,0,0,0
150,Tanner Rainey, 1 ,0,0,0,0,3,0,7.07,3,15,10,3,3,4,0,0,0,0,,0,0,0.138, 1.81, 0.00%, 0.00, 0.5,0,0,0,0,0,0,0,0
150,Sam Clay, 0 ,0,1,0,1,0,0,5.60,1,3,0,,0,0,0,0,0,0,,0,0,-0.189, 2.69, 0.00%, 0.00, -0.8,0,0,1,0,1,0,0,0
151,Josh Rogers, 7.2,5,1,1,2,4,1,2.16,29,103,67,41,11,15,10,13,7,0,67,,,0.230, 0.95, 0.00%, 0.00, 2.6,1,0,0,1,0,0,0,0
151,Andres Machado, 0.1,0,0,0,1,0,0,3.45,2,11,4,2,0,2,1,0,0,0,,2,0,0.049, 2.91, 0.00%, 0.00, 0.4,0,0,0,0,0,1,0,0
151,Mason Thompson, 1 ,0,0,0,0,1,0,3.13,3,12,9,5,1,3,0,2,1,0,,0,0,0.003, 0.04, 0.00%, 0.00, 0.5,0,0,0,0,0,0,0,0
152,Josiah Gray, 6 ,6,2,2,1,8,0,5.92,25,100,71,38,19,14,5,11,4,0,59,,,0.161, 1.06, 0.00%, 0.00, 1.0,1,0,0,1,0,0,0,0
152,Austin Voth, 1 ,1,0,0,0,0,0,5.70,4,19,12,8,1,3,1,3,1,0,,0,0,0.020, 0.51, 0.00%, 0.00, 0.5,0,0,0,0,0,0,0,0
152,Patrick Murphy, 1 ,0,0,0,0,1,0,5.32,3,9,5,4,0,1,1,1,0,0,,0,0,0.015, 0.19, 0.00%, 0.00, 0.5,0,0,0,0,0,0,0,0
152,Ryne Harper, 0.1,3,3,3,0,1,2,3.15,4,16,11,6,1,4,1,2,0,0,,0,0,-0.037, 0.52, 0.00%, 0.00, -2.8,0,0,0,0,0,0,0,0
152,Tanner Rainey, 0.2,0,0,0,0,0,0,6.91,2,7,6,4,0,2,2,0,0,0,,0,0,0.045, 0.88, 0.00%, 0.00, 0.3,0,0,0,0,0,0,1,0
153,Patrick Corbin, 6.2,4,0,0,4,7,0,5.92,27,99,59,30,14,15,11,5,4,0,69,,,0.424, 1.39, 0.00%, 0.00, 3.7,1,0,0,1,0,0,0,0
153,Mason Thompson, 0.1,0,0,0,0,1,0,3.09,1,4,4,2,1,1,0,0,0,0,,1,0,0.038, 1.32, 0.00%, 0.00, 0.4,0,0,0,0,0,1,0,0
153,Tanner Rainey, 1 ,0,0,0,1,2,0,6.67,4,17,10,2,4,4,0,1,0,0,,0,0,0.062, 0.80, 0.00%, 0.00, 0.6,0,0,0,0,0,1,0,0
153,Kyle Finnegan, 1 ,2,2,2,0,1,0,3.57,6,24,14,9,2,3,1,3,2,0,,0,0,0.051, 2.56, 0.00%, 0.00, -1.4,0,1,0,0,0,0,1,0
154,Paolo Espino, 5 ,5,3,3,0,2,2,4.01,19,86,54,36,2,16,6,11,2,0,47,,,0.031, 0.97, 0.00%, 0.00, -0.1,1,0,0,0,0,0,0,0
154,Alberto Baldonado, 0.1,1,2,2,1,1,1,7.71,3,14,6,4,0,2,0,1,0,0,,0,0,-0.166, 1.25, 0.00%, 0.00, -1.0,0,0,0,0,0,0,0,1
154,Andres Machado, 0.2,1,1,1,0,1,1,3.66,3,12,8,4,2,2,0,2,2,0,,1,1,-0.218, 1.10, 0.00%, 0.00, -1.4,0,0,0,0,0,0,0,0
154,Patrick Murphy, 0.1,1,1,1,1,0,0,5.63,3,17,8,4,0,4,0,2,1,0,,0,0,-0.017, 0.64, 0.00%, 0.00, -0.4,0,0,0,0,0,0,0,0
154,Sean Nolin, 0.2,1,0,0,0,1,0,4.64,3,17,10,7,1,2,1,1,0,0,,2,1,-0.024, 0.72, 0.00%, 0.00, -0.0,0,0,0,0,0,0,0,0
154,Jhon Romero, 1 ,0,0,0,0,0,0,0.00,3,14,9,8,0,1,1,2,0,0,,0,0,0.009, 0.11, 0.00%, 0.00, 0.6,0,0,0,0,0,0,0,0
154,Kyle Finnegan, 1 ,1,0,0,0,1,0,3.52,5,22,15,9,2,4,2,1,0,0,,0,0,0.154, 2.88, 0.00%, 0.00, 0.6,0,1,0,0,0,0,0,0
154,Austin Voth, 1 ,1,0,0,1,1,0,5.60,5,13,10,7,1,2,1,2,1,0,,0,0,0.323, 4.31, 0.00%, 0.00, 1.2,0,0,1,0,0,0,0,0
154,Mason Thompson, 0 ,1,1,0,0,0,0,3.09,1,2,2,2,0,0,1,0,0,0,,0,0,-0.178, 2.46, 0.00%, 0.00, -0.8,0,0,0,0,1,0,0,0
155,Erick Fedde, 4.2,7,5,5,3,1,0,5.26,22,96,57,31,9,17,7,10,4,0,28,,,-0.317, 1.42, 0.00%, 0.00, -2.6,1,1,0,0,0,0,0,0
155,Mason Thompson, 0.1,0,0,0,0,1,0,3.04,1,5,3,1,1,1,0,0,0,0,,2,0,0.058, 2.16, 0.00%, 0.00, 0.5,0,0,0,0,0,0,0,0
155,Alberto Baldonado, 0.1,2,0,0,1,0,0,7.45,4,17,8,3,1,4,0,3,1,0,,0,0,-0.126, 1.93, 0.00%, 0.00, -1.1,0,0,0,0,0,0,0,0
155,Jhon Romero, 0.2,0,0,0,0,0,0,0.00,2,7,5,3,1,1,1,1,1,0,,3,0,0.206, 3.58, 0.00%, 0.00, 1.7,0,0,0,0,0,0,0,0
155,Andres Machado, 1 ,1,1,1,1,1,0,3.82,5,18,12,7,2,3,1,2,1,0,,0,0,-0.113, 2.33, 0.00%, 0.00, -0.4,0,0,0,0,0,0,0,1
155,Patrick Murphy, 1.1,1,1,1,0,2,1,5.68,5,21,15,8,5,2,1,2,1,0,,0,0,-0.230, 1.73, 0.00%, 0.00, -0.1,0,0,0,0,1,0,0,0
156,Josh Rogers, 4.2,7,3,3,4,3,2,2.73,25,102,62,38,9,15,4,14,6,0,37,,,-0.134, 0.95, 0.00%, 0.00, -0.6,1,0,0,0,1,0,0,0
156,Ryne Harper, 1 ,5,4,4,2,2,1,4.08,10,34,20,12,4,4,3,3,1,0,,2,0,-0.119, 0.74, 0.00%, 0.00, -3.8,0,0,1,0,0,0,0,0
156,Sean Nolin, 2.1,2,2,2,3,1,0,4.94,13,58,30,16,5,9,4,5,1,0,,3,0,0.006, 0.04, 0.00%, 0.00, -0.0,0,0,0,0,0,0,0,0
157,Josiah Gray, 5.1,4,3,3,3,4,0,5.85,24,90,52,32,10,10,6,10,2,0,49,,,-0.063, 1.20, 0.00%, 0.00, -0.3,1,1,0,1,0,0,0,0
157,Austin Voth, 0.2,1,0,0,0,0,0,5.53,3,14,9,6,1,2,0,3,1,0,,1,0,0.121, 2.70, 0.00%, 0.00, 0.7,0,0,0,0,0,1,0,0
157,Mason Thompson, 1 ,1,0,0,1,1,0,2.92,5,21,13,7,3,3,0,3,2,0,,0,0,0.115, 2.55, 0.00%, 0.00, 0.6,0,0,0,0,0,1,0,0
157,Kyle Finnegan, 1 ,1,0,0,1,1,0,3.46,5,20,12,6,3,3,2,1,1,0,,0,0,0.153, 3.07, 0.00%, 0.00, 0.6,0,0,0,0,0,1,0,0
157,Tanner Rainey, 1 ,1,1,1,1,0,0,6.75,5,17,11,8,0,3,3,1,0,0,,0,0,0.108, 2.20, 0.00%, 0.00, -0.4,0,0,0,0,0,0,1,0
158,Patrick Corbin, 6 ,6,2,2,3,9,1,5.82,26,101,64,32,17,15,8,6,4,0,58,,,0.069, 1.05, 0.00%, 0.00, 1.4,1,0,1,0,1,0,0,0
158,Jhon Romero, 1 ,2,1,1,0,2,0,3.38,5,25,17,8,4,5,0,3,2,0,,0,0,-0.070, 0.86, 0.00%, 0.00, -0.4,0,0,0,0,0,0,0,0
158,Patrick Murphy, 1 ,1,0,0,1,2,0,5.47,5,16,12,6,3,3,0,2,1,0,,0,0,0.018, 0.30, 0.00%, 0.00, 0.6,0,0,0,0,0,0,0,0
159,Paolo Espino, 2 ,4,4,4,1,0,1,4.27,11,34,18,13,1,4,6,4,2,0,31,,,-0.281, 0.80, 0.00%, 0.00, -2.9,1,0,0,0,0,0,0,0
159,Mason Thompson, 0 ,1,2,2,1,0,0,3.65,3,10,5,2,0,3,1,0,0,0,,0,0,-0.187, 1.63, 0.00%, 0.00, -1.9,0,1,0,0,1,0,0,0
159,Austin Voth, 1 ,1,0,0,1,2,0,5.43,5,24,13,5,4,4,2,0,0,0,,3,2,0.019, 2.12, 0.00%, 0.00, 0.4,0,0,0,0,0,0,0,1
159,Andres Machado, 1 ,2,0,0,0,0,0,3.71,4,17,9,7,0,2,2,2,1,0,,0,0,0.051, 1.13, 0.00%, 0.00, 0.6,0,0,0,0,0,0,0,0
159,Alberto Baldonado, 0.1,1,2,2,1,1,0,9.00,3,15,7,3,1,3,0,1,0,0,,0,0,-0.033, 1.13, 0.00%, 0.00, -0.4,0,0,0,0,0,0,0,0
159,Jhon Romero, 0.2,2,1,1,0,0,0,5.40,4,21,13,11,1,1,1,3,1,0,,2,2,-0.172, 0.96, 0.00%, 0.00, -2.0,0,0,0,0,0,0,0,0
159,Sean Nolin, 2 ,2,0,0,1,0,0,4.56,8,42,30,22,0,8,3,4,1,0,,0,0,0.021, 0.15, 0.00%, 0.00, 1.1,0,0,0,0,0,0,0,0
159,Erick Fedde, 1 ,1,1,1,1,1,0,5.29,5,20,11,7,3,1,2,1,1,0,,0,0,-0.006, 0.05, 0.00%, 0.00, -0.4,0,0,0,0,0,0,0,0
160,Josh Rogers, 6 ,7,4,4,3,3,2,3.28,27,86,56,35,5,16,4,17,5,0,42,,,-0.133, 1.08, 0.00%, 0.00, -1.1,1,0,0,0,1,0,0,0
160,Andres Machado, 0.1,0,0,0,2,0,0,3.67,3,13,5,1,1,3,0,1,1,0,,0,0,-0.007, 0.20, 0.00%, 0.00, -0.4,0,0,0,0,0,0,0,0
160,Alberto Baldonado, 0.2,0,0,0,0,0,0,8.44,2,8,6,4,1,1,0,2,0,0,,2,0,0.018, 0.39, 0.00%, 0.00, 0.9,0,0,0,0,0,0,0,0
160,Patrick Murphy, 1 ,0,0,0,0,1,0,5.27,4,12,6,4,1,1,2,1,1,0,,0,0,0.014, 0.30, 0.00%, 0.00, 0.5,0,0,0,0,0,0,0,0
160,Sean Nolin, 1 ,0,0,0,2,0,0,4.39,4,18,9,5,1,3,0,2,0,0,,0,0,0.017, 0.30, 0.00%, 0.00, 0.5,0,0,0,0,0,0,0,0
161,Josiah Gray, 6 ,3,1,1,2,7,1,5.48,22,90,60,34,11,15,5,8,2,0,67,,,0.179, 0.90, 0.00%, 0.00, 1.9,1,0,0,0,0,0,0,0
161,Austin Voth, 1 ,0,0,0,0,2,0,5.34,3,14,9,4,2,3,0,1,1,0,,0,0,0.054, 0.72, 0.00%, 0.00, 0.5,0,0,0,0,0,0,0,0
161,Kyle Finnegan, 0.2,0,0,0,2,2,0,3.43,4,20,9,2,1,6,0,0,0,0,,0,0,0.007, 0.83, 0.00%, 0.00, 0.1,0,0,0,0,0,0,0,0
161,Tanner Rainey, 1 ,2,3,3,2,3,0,7.39,7,33,18,11,4,3,0,2,1,0,,2,0,-0.377, 2.37, 0.00%, 0.00, -1.3,0,0,0,0,1,0,0,0
161,Mason Thompson, 0 ,2,1,1,1,0,1,4.01,3,11,4,2,1,1,0,2,1,0,,1,1,-0.066, 0.11, 0.00%, 0.00, -2.2,0,0,0,0,0,0,0,0
161,Ryne Harper, 0.1,0,0,0,0,0,0,4.04,1,2,1,1,0,0,0,1,1,0,,2,0,0.003, 0.11, 0.00%, 0.00, 0.4,0,0,0,0,0,0,0,0
162,Joan Adon, 5.1,6,2,2,3,9,1,3.38,24,94,57,24,12,21,8,3,2,0,54,,,0.143, 1.25, 0.00%, 0.00, 1.0,1,1,0,0,0,0,0,0
162,Patrick Murphy, 0.2,1,0,0,0,1,0,5.14,3,7,6,3,1,2,1,1,0,0,,2,1,0.024, 1.43, 0.00%, 0.00, -0.1,0,0,0,0,0,1,0,0
162,Erick Fedde, 0.2,4,3,3,0,1,0,5.47,6,22,14,7,4,3,2,3,2,0,,0,0,-0.375, 1.75, 0.00%, 0.00, -2.8,0,0,0,0,0,0,0,1
162,Andres Machado, 1.1,0,0,0,0,0,0,3.53,4,22,15,11,1,3,2,2,0,0,,1,0,0.167, 1.60, 0.00%, 0.00, 0.8,0,0,0,0,0,0,0,0
162,Kyle Finnegan, 0.1,1,2,1,0,1,1,3.55,3,12,7,4,2,1,1,1,1,0,,0,0,-0.421, 2.92, 0.00%, 0.00, -1.8,0,0,0,0,1,0,0,0
162,Jhon Romero, 0.2,1,0,0,0,1,0,4.50,3,11,8,3,3,2,1,1,1,0,,0,0,0.009, 0.29, 0.00%, 0.00, 0.3,0,0,0,0,0,0,0,0
